1 0.5969080687830688 0.244156746031746 0.020006613756613757 0.03318121693121694 0.593584656084656 0.24603174603174602
1 0.9114417989417989 0.6949570105820106 0.061706349206349174 0.056514550264550295 0.9007936507936508 0.6825396825396826
1 0.9734589947089947 0.935421626984127 0.016970899470899525 0.019765211640211635 0.9737665343915344 0.9335978835978835
1 0.029232804232804235 0.6045138888888889 0.0455026455026455 0.045667989417989385 0.031746031746031744 0.6087962962962963
1 0.9416832010582009 0.028191137566137565 0.06213624338624341 0.05638227513227513 0.9490740740740741 0.018518518518518517
1 0.5901785714285714 0.9527116402116402 0.02757936507936511 0.016468253968254028 0.5901521164021164 0.9545502645502645
1 0.4157572751322751 0.41936177248677253 0.057705026455026454 0.07847222222222221 0.4189153439153439 0.4208333333333333
1 0.5726686507936508 0.7019179894179894 0.056712962962962965 0.04828042328042328 0.5677910052910053 0.6987433862433863
1 0.1277612433862434 0.809672619047619 0.058961640211640215 0.029067460317460346 0.12430555555555554 0.8143518518518518
1 0.4327546296296297 0.3918154761904762 0.023048941798941815 0.020932539682539667 0.4280753968253968 0.39874338624338623
1 0.7218915343915344 0.3167162698412698 0.05178571428571441 0.06716269841269838 0.7132936507936508 0.31712962962962965
1 0.20667989417989419 0.26588955026455025 0.0787037037037037 0.06326058201058203 0.21031746031746032 0.2705026455026455
1 0.5597387566137566 0.023974867724867725 0.06491402116402115 0.04794973544973545 0.5555555555555556 0.021164021164021163
1 0.30052910052910053 0.9733630952380952 0.03617724867724867 0.053273809523809494 0.3029100529100529 0.9672619047619048
1 0.32235449735449734 0.20985449735449735 0.054761904761904734 0.04920634920634919 0.32275132275132273 0.21362433862433863
1 0.8014054232804232 0.32746362433862436 0.042956349206349234 0.02132936507936508 0.7924603174603175 0.3289351851851852
1 0.5851025132275132 0.85244708994709 0.033300264550264566 0.04318783068783066 0.5846560846560847 0.845568783068783
1 0.392146164021164 0.05810185185185185 0.03951719576719577 0.06858465608465608 0.39345238095238094 0.06845238095238096
1 0.98057208994709 0.4947089947089947 0.03885582010582011 0.05324074074074074 0.9768518518518519 0.5049603174603174
1 0.6388723544973545 0.14778439153439152 0.022652116402116403 0.01640211640211639
1 0.008597883597883597 0.2531084656084656 0.017195767195767195 0.022751322751322738 0.6362433862433863 0.15211640211640212
1 0.13923611111111112 0.9331183862433863 0.025760582010582005 0.02662037037037037 0.13723544973544974 0.9325396825396826
1 0.14333664021164022 0.426223544973545 0.06511243386243386 0.06256613756613758 0.1259920634920635 0.43617724867724866
1 0.1257936507936508 0.8676091269841268 0.03392857142857142 0.032043650793650826 0.12933201058201058 0.8653439153439154
1 0.6441071428571429 0.6969576719576719 0.038875661375661355 0.02414021164021164 0.6365740740740741 0.6977513227513228
1 0.8860615079365078 0.14325396825396824 0.03964947089947093 0.06329365079365079
1 0.015823412698412698 0.1908779761904762 0.031646825396825395 0.031669973544973536 0.8759920634920635 0.15112433862433863
1 0.949156746031746 0.675082671957672 0.09573412698412699 0.0469246031746032 0.9285714285714286 0.6722883597883598
1 0.9712301587301587 0.4435515873015873 0.057539682539682536 0.06263227513227516 0.9593253968253969 0.47156084656084657
1 0.9143022486772486 0.5654596560846561 0.07099867724867719 0.09785052910052913 0.908068783068783 0.576058201058201
1 0.4618055555555556 0.6197255291005291 0.0539021164021164 0.0780753968253968 0.4599867724867725 0.6127645502645502
1 0.7754464285714285 0.7147486772486773 0.030522486772486684 0.03412698412698407 0.7744708994708994 0.7182539682539683
1 0.4014715608465608 0.10805224867724868 0.06279761904761907 0.08078703703703703
1 0.3789351851851852 0.4029927248677249 0.023082010582010568 0.02159391534391533 0.3759920634920635 0.4064153439153439
1 0.5072420634920636 0.298859126984127 0.03730158730158729 0.022982804232804233 0.5034391534391535 0.3055886243386243
1 0.11345899470899472 0.17574404761904763 0.009325396825396822 0.027810846560846567 0.11696428571428572 0.17708333333333334
1 0.5741402116402117 0.5460317460317461 0.02824074074074077 0.04246031746031749 0.5790343915343915 0.5400132275132276
1 0.9055886243386243 0.3232804232804233 0.05092592592592592 0.06223544973544975 0.9084325396825397 0.3326388888888889
1 0.04854166666666667 0.3423082010582011 0.018591269841269843 0.014920634920634923 0.04793320105820106 0.34519510582010576
1 0.482473544973545 0.3736111111111111 0.06977513227513228 0.07883597883597883 0.4626322751322751 0.38062169312169314
1 0.6187665343915344 0.3389219576719577 0.0126653439153439 0.02149470899470903 0.6211772486772487 0.34183201058201057
1 0.8245866402116403 0.6478505291005291 0.0269510582010582 0.03544973544973547 0.8214285714285714 0.6491402116402116
1 0.30224867724867727 0.5466269841269841 0.01488095238095238 0.016534391534391533 0.30395833333333333 0.5502083333333333
1 0.3476521164021164 0.3152612433862434 0.02242063492063494 0.024371693121693138 0.34738756613756616 0.3154100529100529
1 0.3958333333333333 0.32172619047619044 0.08928571428571429 0.08359788359788359 0.3855820105820106 0.3220899470899471
1 0.8912367724867725 0.2977017195767196 0.03181216931216925 0.029199735449735434 0.8915343915343915 0.30324074074074076
1 0.9599867724867724 0.3909722222222222 0.03346560846560841 0.02414021164021164 0.9593253968253969 0.39451058201058203
1 0.37962962962962965 0.7280257936507937 0.09001322751322749 0.07093253968253968 0.38425925925925924 0.7175925925925926
1 0.18068948412698413 0.9011458333333333 0.026848544973544972 0.03467923280423277 0.18475529100529103 0.8964285714285715
1 0.30009920634920634 0.08976521164021163 0.030224867724867755 0.05519179894179894 0.3039021164021164 0.09778439153439153
1 0.4192278439153439 0.03248015873015873 0.02602843915343909 0.027301587301587302
1 0.01859623015873016 0.9975595238095237 0.011048280423280422 0.004880952380952453
1 0.02800429894179894 0.9984077380952381 0.003839285714285714 0.003184523809523846 0.42228835978835977 0.03571428571428571
1 0.4227628968253968 0.8898892195767196 0.016114417989417994 0.014732142857142918 0.4243452380952381 0.8854993386243386
1 0.3480787037037037 0.6404183201058201 0.003458994708994721 0.0048445767195767495
1 0.994811507936508 0.606031746031746 0.010376984126984163 0.020343915343915338 0.3488359788359789 0.6392096560846561
1 0.10076223544973546 0.24444113756613758 0.015433201058201064 0.004563492063492086 0.09951058201058202 0.2455026455026455
1 0.7882440476190475 0.41569113756613757 0.011607142857142826 0.011937830687830657 0.7885251322751323 0.41626984126984123
1 0.73546626984127 0.8184027777777779 0.021197089947089916 0.02576058201058204 0.731547619047619 0.8130952380952382
1 0.2237566137566138 0.8141683201058201 0.01574074074074075 0.016101190476190495 0.2244510582010582 0.8126124338624339
1 0.6236789021164022 0.6998164682539683 0.012199074074074107 0.008799603174603217 0.6276455026455027 0.7007275132275133
1 0.8531398809523809 0.1304017857142857 0.009322089947089815 0.006696428571428571 0.852933201058201 0.13153108465608465
1 0.4041402116402116 0.1498346560846561 0.034166666666666644 0.039444444444444456
1 0.003209325396825397 0.6381944444444445 0.006418650793650794 0.03166666666666666 0.4067791005291005 0.15046296296296297
0 0.5420949074074074 0.9172751322751324 0.048872354497354484 0.028214285714285768
0 0.26421957671957674 0.35648148148148145 0.06349206349206349 0.013227513227513227
0 0.36251818783068784 0.7729166666666667 0.0921990740740741 0.06820105820105828
0 0.41534391534391535 0.6619047619047619 0.08551587301587299 0.05449735449735448
0 0.5016865079365079 0.3705522486772487 0.06124338624338626 0.030257936507936508
