1 0.45421626984126984 0.5109292328042329 0.04494047619047622 0.08508597883597882 0.4542328042328042 0.48207671957671955
1 0.46040013227513227 0.7518303571428571 0.019477513227513257 0.023124999999999944 0.46130952380952384 0.7506613756613757
1 0.031011904761904758 0.7219940476190476 0.0509126984126984 0.04919973544973537 0.03876984126984127 0.7256382275132275
1 0.7864219576719578 0.4014467592592592 0.07416666666666673 0.0299107142857143 0.751818783068783 0.40109126984126986
1 0.6032986111111112 0.030307539682539686 0.024818121693121753 0.06061507936507937 0.6015211640211641 0.040674603174603176
1 0.6520998677248677 0.19917328042328042 0.01087962962962966 0.01329365079365077 0.6500132275132275 0.19883597883597884
1 0.612364417989418 0.2569345238095238 0.0145436507936508 0.0114616402116402 0.6127215608465608 0.257989417989418
1 0.24603339947089947 0.31833664021164026 0.03425595238095235 0.025099206349206343 0.24107142857142858 0.32506613756613756
1 0.3953108465608466 0.7808498677248678 0.019298941798941767 0.013234126984126978 0.3951719576719577 0.7797619047619048
1 0.4149636243386243 0.4377810846560846 0.026157407407407452 0.033101851851851896 0.41418650793650796 0.43835978835978834
1 0.1265707671957672 0.19917328042328042 0.03376322751322752 0.034722222222222224 0.12433862433862433 0.20502645502645503
1 0.3733101851851852 0.4774305555555556 0.0274537037037037 0.04282407407407408 0.3697089947089947 0.4738095238095238
1 0.7369874338624339 0.8995039682539683 0.05611772486772481 0.036375661375661374 0.72010582010582 0.8956349206349207
1 0.8381249999999999 0.04932705026455026 0.026249999999999885 0.02998346560846561 0.8386243386243386 0.052248677248677246
1 0.3563657407407408 0.8566468253968254 0.04328703703703699 0.0798280423280422 0.3563492063492063 0.8591931216931217
1 0.6920634920634922 0.9066798941798943 0.039417989417989435 0.06481481481481481 0.6776124338624339 0.8893187830687831
1 0.2143353174603175 0.2044642857142857 0.03806216931216932 0.06236772486772488 0.21617063492063493 0.21884920634920632
1 0.919375 0.0964451058201058 0.047744708994709034 0.022387566137566133 0.9021164021164021 0.10582010582010581
1 0.04314814814814815 0.6208994708994708 0.051772486772486775 0.04966931216931218 0.04497354497354497 0.6216931216931217
1 0.5089285714285714 0.7074239417989417 0.07070105820105826 0.05393518518518531 0.4859457671957672 0.6828373015873016
1 0.12792658730158732 0.267146164021164 0.0517526455026455 0.10023148148148149 0.13339947089947088 0.2532407407407407
1 0.4167658730158731 0.4892030423280423 0.08855820105820104 0.07159391534391535 0.4086640211640212 0.4710317460317461
1 0.36893187830687835 0.5177414021164022 0.09308862433862437 0.04209656084656083 0.35165343915343916 0.4985449735449735
1 0.09041997354497355 0.21375 0.0510383597883598 0.09253968253968253 0.09623015873015874 0.22552910052910052
1 0.9621362433862434 0.9864252645502645 0.03029100529100541 0.027149470899470868 0.966931216931217 0.985813492063492
1 0.7331564153439154 0.4343468915343916 0.015102513227513251 0.04532738095238093 0.730489417989418 0.4348544973544973
1 0.019758597883597885 0.16380952380952382 0.03951719576719577 0.061005291005291014 0.00033068783068783067 0.15674603174603174
1 0.04393187830687831 0.6801752645502647 0.08786375661375662 0.0803240740740741 0.03273809523809524 0.6759259259259259
1 0.43311011904761904 0.11040013227513228 0.09528769841269837 0.10347222222222222 0.45552248677248675 0.11170634920634921
1 0.4310185185185185 0.935433201058201 0.05998677248677244 0.11068121693121687 0.42294973544973546 0.9306216931216931
1 0.5820601851851852 0.31216931216931215 0.1013558201058201 0.057076719576719545 0.5601851851851852 0.31712962962962965
1 0.07463789682539682 0.3199140211640212 0.042324735449735446 0.026177248677248667 0.082010582010582 0.3191137566137566
1 0.22175925925925927 0.7067625661375662 0.050992063492063505 0.057374338624338626 0.22238756613756613 0.7017195767195767
1 0.26936177248677245 0.11625330687830689 0.06504629629629627 0.06398809523809523 0.27546296296296297 0.13045634920634921
1 0.5880787037037036 0.7805720899470899 0.06306216931216933 0.06531084656084656 0.5974537037037038 0.7699404761904762
1 0.7751818783068782 0.7863425925925926 0.047585978835978864 0.03412698412698407 0.7665674603174603 0.7787367724867725
1 0.8514550264550265 0.9289847883597884 0.06765873015873013 0.05234788359788366 0.8253968253968254 0.9186507936507936
1 0.7490079365079365 0.27357804232804234 0.04874338624338612 0.049338624338624314 0.7308201058201058 0.2761243386243386
1 0.9731365740740741 0.7316848544973544 0.042615740740740704 0.03391865079365085 0.9584325396825397 0.7273809523809524
1 0.24160052910052907 0.8020171957671959 0.04417989417989419 0.052843915343915256 0.24371693121693122 0.8032407407407407
1 0.9219940476190477 0.8997156084656084 0.012235449735449735 0.01088624338624326 0.9266765873015873 0.8969742063492063
1 0.0482473544973545 0.7809027777777777 0.08141534391534391 0.05631613756613747 0.05512566137566137 0.769973544973545
1 0.3986937830687831 0.8121263227513227 0.06041666666666668 0.04720238095238088 0.37665343915343913 0.8042328042328042
1 0.9918154761904762 0.8516534391534392 0.01636904761904762 0.020436507936507996 0.9965542328042328 0.8594808201058202
1 0.8233035714285715 0.9509358465608466 0.025152116402116384 0.05473544973544973 0.8134589947089947 0.926223544973545
1 0.36721560846560847 0.1435598544973545 0.020436507936507923 0.02987103174603176
1 0.396916335978836 0.029480820105820107 0.02667658730158725 0.034894179894179894
1 0.029166666666666664 0.8669907407407407 0.028167989417989415 0.022579365079365147 0.016785714285714286 0.8606216931216931
1 0.9368386243386243 0.8673941798941799 0.03373015873015873 0.034722222222222224 0.9514682539682539 0.8820998677248677
1 0.15779596560846562 0.19945767195767194 0.006451719576719574 0.009828042328042337 0.15784391534391534 0.19990410052910051
1 0.593369708994709 0.12372685185185184 0.15572089947089943 0.19487433862433862 0.5634920634920635 0.1775793650793651
1 0.015658068783068784 0.4152943121693121 0.03131613756613757 0.03270502645502641 0.012926587301587304 0.41695105820105816
1 0.2824338624338624 0.8322900132275133 0.023697089947089935 0.050155423280423155
1 0.2946279761904762 0.8647288359788359 0.022318121693121695 0.027149470899470868
1 0.42061342592592593 0.8112433862433862 0.05672288359788359 0.05198412698412708 0.39452050264550265 0.7935548941798942
1 0.05606481481481481 0.8108167989417989 0.022718253968253964 0.06607804232804239 0.06587301587301587 0.7903769841269841
1 0.7013128306878307 0.3667410714285715 0.014794973544973472 0.05408399470899469 0.6958994708994709 0.3768187830687831
1 0.4822255291005291 0.07271825396825396 0.03336640211640215 0.07142857142857142 0.468287037037037 0.0781084656084656
1 0.587202380952381 0.6011904761904762 0.017195767195767195 0.013227513227513227 0.5892857142857143 0.6028439153439153
1 0.11028439153439154 0.10163690476190478 0.019378306878306887 0.04910714285714286 0.11441798941798942 0.12103174603174603
1 0.4303240740740741 0.34219576719576716 0.09292328042328042 0.06964285714285712 0.3950066137566138 0.375
1 0.4285548941798942 0.7205820105820105 0.02880291005291002 0.017830687830687853 0.4289021164021164 0.7222222222222222
1 0.33326719576719577 0.30281084656084656 0.06408730158730161 0.06084656084656084 0.30439814814814814 0.30975529100529103
1 0.10674603174603176 0.15092592592592594 0.04874338624338625 0.056415343915343925 0.1130952380952381 0.16137566137566137
1 0.5612466931216932 0.9798048941798942 0.03155423280423283 0.03351190476190466 0.5598544973544973 0.9776124338624339
1 0.7044312169312169 0.4063161375661375 0.052711640211640244 0.06620370370370372 0.6888227513227513 0.40476190476190477
1 0.03287037037037037 0.4299437830687831 0.05654761904761905 0.07192460317460317 0.03902116402116402 0.43753306878306875
1 0.9446825396825396 0.7629265873015874 0.01982804232804234 0.04372354497354491 0.9454365079365079 0.7583333333333333
1 0.43068783068783073 0.6148644179894179 0.01600529100529096 0.0412367724867725 0.42999338624338623 0.6142195767195767
1 0.7581712962962963 0.46156084656084656 0.029887566137566175 0.01854497354497352 0.7536375661375662 0.4636243386243386
1 0.6419642857142857 0.30246362433862434 0.037896825396825366 0.05565476190476189 0.6304563492063492 0.3121031746031746
1 0.9105390211640211 0.16549603174603175 0.020006613756613757 0.017863756613756627 0.9066699735449736 0.1679861111111111
1 0.3025462962962963 0.8486607142857142 0.052248677248677246 0.08277116402116408 0.29993386243386244 0.8363095238095238
1 0.1042576058201058 0.394088955026455 0.012880291005291002 0.024123677248677262 0.10360449735449735 0.39408068783068784
1 0.06646825396825397 0.16500496031746031 0.03505291005291005 0.036855158730158745 0.06712962962962964 0.16683201058201058
1 0.5526703042328043 0.9031498015873016 0.037714947089947076 0.028025793650793652 0.5499338624338624 0.8988756613756613
1 0.048163029100529095 0.21502810846560846 0.07741732804232804 0.08191468253968255 0.07242063492063493 0.22420634920634921
1 0.10851521164021163 0.7687665343915344 0.02166005291005291 0.045601851851851734 0.10515873015873016 0.7536375661375662
1 0.6323693783068783 0.035486111111111114 0.06506944444444444 0.06057539682539683
1 0.015443121693121694 0.03832671957671958 0.028174603174603175 0.023478835978835978 0.019477513227513225 0.0375
1 0.8221560846560846 0.1361276455026455 0.05701058201058204 0.07251984126984125 0.7996031746031746 0.1431878306878307
1 0.8848379629629629 0.8837136243386244 0.023776455026454906 0.015575396825396796 0.8746693121693122 0.87880291005291
1 0.6195601851851852 0.11849702380952382 0.03954365079365077 0.0709160052910053 0.6117063492063491 0.14126984126984127
0 0.1722883597883598 0.7172619047619048 0.04728835978835979 0.04828042328042328
0 0.8295618386243387 0.5542939814814815 0.027450396825396746 0.030876322751322714
0 0.800545634920635 0.03940145502645503 0.047255291005291036 0.037070105820105816
0 0.22265211640211638 0.2422784391534392 0.06732804232804233 0.05558862433862435
0 0.03563161375661376 0.843584656084656 0.029464285714285717 0.04867724867724862
0 0.4766650132275132 0.94911541005291 0.023422619047619022 0.03165674603174589
0 0.48727347883597877 0.4883680555555555 0.00738425925925931 0.011550925925925947
0 0.2810565476190476 0.21130787037037038 0.0067493386243386135 0.009328703703703716
0 0.03794973544973545 0.6734871031746031 0.017387566137566143 0.004884259259259253
0 0.2713789682539683 0.929943783068783 0.049636243386243395 0.041964285714285746
0 0.8200925925925926 0.6568402777777778 0.031838624338624257 0.03003637566137571
0 0.6361111111111111 0.8276124338624338 0.009656084656084672 0.04735449735449745
0 0.7816567460317461 0.2826785714285714 0.02336640211640207 0.03616402116402117
