1 0.8320436507936507 0.3735449735449735 0.03578042328042322 0.017394179894179938 0.8207010582010582 0.3803571428571429
1 0.7270337301587302 0.5679563492063492 0.05128968253968251 0.06613756613756613 0.7261904761904762 0.5714285714285714
1 0.5328703703703704 0.00916005291005291 0.016071428571428615 0.016203703703703703 0.5317460317460317 0.011574074074074073
1 0.1845568783068783 0.9579199735449735 0.03445767195767197 0.017162698412698293 0.18287037037037038 0.9586640211640212
1 0.7310185185185185 0.39194775132275134 0.034457671957671895 0.06372354497354492 0.7308201058201058 0.3951719576719577
1 0.9216931216931217 0.683068783068783 0.019113756613756524 0.04093915343915342 0.9206415343915344 0.6875562169312169
1 0.6861772486772487 0.8141534391534392 0.034722222222222224 0.044642857142857144 0.6803902116402116 0.8118386243386243
1 0.9703042328042327 0.014748677248677249 0.05939153439153436 0.029497354497354498 0.94375 0.027116402116402115
1 0.7982638888888889 0.837417328042328 0.016898148148148117 0.035813492063492124 0.796494708994709 0.8361441798941799
1 0.5204861111111111 0.32270171957671956 0.11306216931216934 0.10248015873015873 0.5133267195767196 0.34619708994709
1 0.444510582010582 0.01261574074074074 0.04675925925925929 0.02523148148148148
1 0.708862433862434 0.8050099206349206 0.023346560846560817 0.03330026455026449 0.705026455026455 0.8052248677248677
1 0.6953869047619047 0.6920800264550265 0.02953042328042334 0.024107142857142886 0.6925595238095239 0.6927248677248677
1 0.016617063492063492 0.3852843915343915 0.033234126984126984 0.019907407407407422 0.00496031746031746 0.38855820105820105
1 0.3317460317460318 0.17584325396825398 0.035449735449735426 0.02628968253968254 0.32275132275132273 0.17592592592592593
1 0.7092592592592594 0.13685515873015874 0.03677248677248686 0.04474206349206349 0.7076719576719577 0.13955026455026456
1 0.7221891534391534 0.4095568783068783 0.04080687830687834 0.06911375661375661 0.7162698412698413 0.4183201058201058
1 0.48667328042328045 0.04434523809523809 0.02824074074074077 0.036044973544973546 0.4877645502645503 0.047619047619047616
1 0.7161755952380953 0.3800066137566137 0.02627314814814824 0.008829365079365095
1 0.1447503306878307 0.9968865740740741 0.01195436507936509 0.006226851851851828 0.7163921957671957 0.3826984126984127
1 0.22976355820105818 0.8085102513227514 0.03158399470899471 0.011127645502645533
1 0.8394510582010583 0.47127976190476195 0.018584656084656023 0.03012566137566142 0.8374669312169312 0.4754960317460318
1 0.5210978835978837 0.014103835978835981 0.016798941798941786 0.006316137566137567 0.5221560846560847 0.01521164021164021
1 0.2095403439153439 0.8209821428571428 0.05929232804232803 0.06782407407407405 0.2197420634920635 0.8200727513227514
0 0.6836309523809524 0.6349867724867725 0.0468253968253968 0.03406084656084656
0 0.8744047619047618 0.15595238095238095 0.029365079365079275 0.04887566137566138
0 0.04943783068783069 0.06202050264550265 0.04894179894179894 0.10122354497354498
0 0.7400462962962964 0.8838128306878307 0.03842592592592586 0.017956349206349267
0 0.1892361111111111 0.42294973544973546 0.08601190476190475 0.021494708994708994
0 0.18993055555555557 0.41800595238095234 0.024371693121693138 0.05453042328042331
0 0.7867063492063492 0.43792989417989425 0.0861772486772488 0.021230158730158745
0 0.09785052910052909 0.6423115079365079 0.06375661375661376 0.05552248677248673
0 0.9525297619047618 0.5243055555555556 0.022453703703703733 0.03062169312169309
0 0.5887400793650793 0.9393022486772487 0.04209656084656083 0.004464285714285714
0 0.4640046296296297 0.5709821428571429 0.023908730158730143 0.06683201058201063
0 0.23268849206349207 0.9744708994708995 0.06954365079365078 0.02691798941798945
0 0.691385582010582 0.7247519841269842 0.04957010582010578 0.015443121693121634
0 0.15894510582010582 0.6252645502645503 0.047850529100529095 0.011904761904761904
0 0.3724371693121693 0.20532407407407408 0.021395502645502586 0.03214285714285716
0 0.2858630952380953 0.9414847883597884 0.015178571428571421 0.013657407407407318
0 0.4665839947089947 0.6527943121693122 0.03125 0.05036375661375652
0 0.44449404761904765 0.5561838624338624 0.007109788359788359 0.05701058201058196
0 0.7139219576719575 0.8757771164021164 0.030886243386243416 0.08720238095238089
0 0.5062003968253969 0.6030257936507937 0.06875000000000003 0.01855158730158727
0 0.22096560846560848 0.35451388888888885 0.07949735449735448 0.028604497354497355
0 0.2358796296296296 0.8062334656084656 0.017063492063492072 0.05955687830687827
0 0.012367724867724868 0.7472056878306879 0.024735449735449735 0.02146164021164024
0 0.9921792328042328 0.07842261904761905 0.015641534391534453 0.011871693121693123
0 0.6036871693121693 0.5349041005291005 0.014517195767195797 0.0231812169312169
0 0.6823627645502646 0.667334656084656 0.008707010582010557 0.027301587301587358
0 0.6382109788359789 0.6205853174603175 0.03535052910052913 0.03521825396825397
0 0.8551091269841271 0.3014054232804233 0.033035714285714314 0.01874999999999998
0 0.9653439153439153 0.6049107142857143 0.046693121693121786 0.036011904761904794
0 0.6942294973544973 0.463806216931217 0.04474206349206348 0.04289021164021165
0 0.183614417989418 0.6174107142857144 0.018683862433862435 0.04110449735449734
0 0.21220238095238098 0.6199900793650793 0.019973544973544966 0.04474206349206348
0 0.25944113756613757 0.9608961640211641 0.033300264550264524 0.07820767195767196
0 0.0640707671957672 0.9226190476190477 0.023048941798941795 0.013095238095238215
0 0.8928902116402117 0.49241071428571426 0.03968253968253968 0.04097222222222225
0 0.15821759259259258 0.6715790343915344 0.07675264550264552 0.04077711640211646
0 0.44182705026455027 0.013999669312169312 0.00657738095238091 0.027999338624338625
0 0.899920634920635 0.5618039021164021 0.014206349206349219 0.0094212962962963
0 0.06242890211640212 0.9507936507936507 0.011736111111111114 0.004775132275132293
0 0.33387896825396823 0.15560515873015873 0.032837301587301575 0.09130291005291007
0 0.8408895502645503 0.1459490740740741 0.01207010582010582 0.01861772486772487
0 0.8645833333333334 0.1769345238095238 0.07460317460317473 0.03250661375661378
0 0.4744212962962963 0.4959656084656085 0.03197751322751324 0.05515873015873014
0 0.3094246031746032 0.9845072751322752 0.01673280423280424 0.030985449735449675
0 0.7577876984126984 0.9371197089947091 0.03277116402116399 0.0651785714285714
