1 0.5611656746031747 0.005365410052910053 0.00954034391534396 0.010730820105820106
1 0.08164682539682538 0.6301653439153438 0.06382275132275131 0.03728835978835979 0.08647156084656085 0.6247519841269841
1 0.030314153439153443 0.6409871031746032 0.03778439153439154 0.033171296296296275 0.039183201058201056 0.6423710317460317
1 0.1470403439153439 0.824194775132275 0.029662698412698408 0.05313161375661363 0.15291997354497355 0.8278141534391534
1 0.44250661375661376 0.043576388888888894 0.06695767195767197 0.04515542328042328 0.4308167989417989 0.05181547619047619
1 0.02771164021164021 0.019662698412698413 0.05542328042328042 0.039325396825396826
1 0.008394510582010583 0.15149305555555556 0.016789021164021166 0.01438161375661376 0.0017625661375661377 0.019580026455026454
1 0.056709656084656085 0.4402827380952381 0.03777777777777778 0.028759920634920645 0.06496031746031745 0.4392791005291006
1 0.10104166666666667 0.480462962962963 0.06763227513227514 0.0627579365079365 0.09034391534391534 0.498015873015873
1 0.06697585978835978 0.5387896825396825 0.08746362433862433 0.04351851851851849 0.07793981481481481 0.5360185185185186
1 0.05649470899470899 0.5703835978835978 0.029332010582010584 0.056878306878306875 0.06434193121693121 0.5638359788359788
1 0.10702380952380952 0.5819196428571428 0.031660052910052916 0.017351190476190485 0.1085383597883598 0.5811441798941799
1 0.048445767195767195 0.6072288359788359 0.041851851851851855 0.056878306878306875
1 0.008125 0.6392443783068782 0.01625 0.017886904761904736 0.05793650793650793 0.6043981481481482
1 0.00875165343915344 0.7074818121693123 0.01750330687830688 0.0312996031746032 0.015413359788359789 0.6986210317460317
1 0.015279431216931216 0.7740178571428572 0.03055886243386243 0.0463227513227513 0.00765542328042328 0.7629100529100529
1 0.057567791005291 0.833042328042328 0.03791997354497354 0.04560846560846563 0.06545304232804233 0.830595238095238
1 0.09226686507936507 0.9421478174603175 0.039348544973544966 0.02200066137566144 0.08990079365079366 0.9403174603174603
1 0.11820271164021164 0.9827447089947089 0.07440806878306878 0.034510582010582054 0.1387334656084656 0.9937863756613756
1 0.19949239417989417 0.9815823412698413 0.06993055555555557 0.036835317460317415 0.20023148148148148 0.9777777777777779
1 0.10022652116402117 0.8440426587301588 0.05061838624338624 0.038991402116402216 0.11335978835978837 0.8352314814814814
1 0.2008730158730159 0.8264963624338624 0.041494708994708966 0.051332671957671966 0.19804563492063493 0.8271957671957673
1 0.1884408068783069 0.8036921296296295 0.038812830687830674 0.04328373015873012 0.18506613756613757 0.8040145502645503
1 0.19239417989417992 0.6688293650793651 0.05812830687830689 0.0744047619047619 0.1881547619047619 0.6482440476190476
1 0.21071097883597886 0.6143650793650793 0.040066137566137555 0.037023809523809535 0.20577380952380953 0.6170271164021164
1 0.15730985449735452 0.5567443783068783 0.04721891534391535 0.05301256613756612
1 0.17544642857142856 0.5292708333333332 0.04357142857142855 0.07104166666666671 0.17777116402116402 0.537255291005291
1 0.19519179894179894 0.5284126984126984 0.017387566137566115 0.017387566137566115 0.19881944444444444 0.5310085978835979
1 0.21999007936507936 0.5109193121693122 0.0536706349206349 0.07297619047619042 0.22505952380952382 0.5227281746031746
1 0.14947585978835978 0.45371858465608467 0.019103835978835974 0.031550925925925954 0.15026455026455027 0.4476223544973545
1 0.20012896825396828 0.4440625 0.05730820105820108 0.018244047619047642 0.2028042328042328 0.4476223544973545
1 0.17673280423280424 0.4120800264550265 0.025112433862433843 0.04314153439153433 0.18333333333333332 0.409917328042328
1 0.23253968253968255 0.4329001322751323 0.025112433862433843 0.05945105820105819 0.23618386243386244 0.4420601851851852
1 0.20796296296296296 0.26333829365079364 0.048505291005291024 0.019533730158730174 0.2037334656084656 0.2658862433862434
1 0.24327050264550265 0.17512400793650795 0.061170634920634924 0.03584325396825396 0.23556878306878307 0.18274801587301587
1 0.19014880952380953 0.12575727513227514 0.049365079365079355 0.07018518518518518 0.19106150793650792 0.14164021164021165
1 0.1196412037037037 0.13820601851851852 0.06631944444444444 0.062457010582010586 0.12770171957671958 0.14535052910052912
1 0.14561177248677248 0.10461640211640212 0.03455687830687831 0.05751984126984127
1 0.19497685185185185 0.01560515873015873 0.046574074074074046 0.03121031746031746
1 0.23629464285714288 0.004659391534391534 0.018885582010582016 0.009318783068783068 0.1499537037037037 0.12587632275132274
1 0.3072321428571429 0.06737764550264551 0.021249999999999998 0.013095238095238102 0.30944444444444447 0.06948082010582012
1 0.33234292328042325 0.060294312169312164 0.05387235449735452 0.06546296296296296 0.3313392857142857 0.06734457671957672
1 0.3755919312169312 0.062440476190476185 0.03305555555555557 0.02597222222222222 0.37717923280423277 0.0644378306878307
1 0.360244708994709 0.2454183201058201 0.01566798941798938 0.04764880952380954 0.3660548941798942 0.22382936507936507
1 0.35348544973544976 0.3850363756613756 0.05408730158730161 0.06632275132275138 0.3614649470899471 0.4001851851851852
1 0.3645386904761905 0.4521097883597884 0.07147156084656088 0.08285052910052909 0.3618353174603175 0.4509986772486772
1 0.3432903439153439 0.5595353835978836 0.07190476190476189 0.031121031746031712 0.33513227513227517 0.5589252645502646
1 0.3363144841269841 0.6432423941798942 0.021035052910052875 0.028118386243386233 0.3362466931216931 0.6479398148148148
1 0.2876984126984127 0.6889599867724867 0.038849206349206356 0.032410714285714286 0.28832671957671957 0.6912037037037037
1 0.2952116402116402 0.7196511243386243 0.0534457671957672 0.05129960317460321 0.29419973544973543 0.7224206349206349
1 0.23618716931216932 0.7590360449735449 0.03841931216931219 0.037774470899470905 0.23702050264550265 0.7570370370370371
1 0.28973875661375664 0.773953373015873 0.06739417989417992 0.05902447089947083 0.29666997354497354 0.7774338624338625
1 0.2992890211640212 0.8131250000000001 0.1075330687830688 0.07855820105820104 0.24751984126984128 0.7758002645502645
1 0.3784474206349206 0.8923528439153439 0.025400132275132256 0.05491071428571435 0.378125 0.8923247354497355
1 0.4641931216931217 0.9529381613756613 0.0517261904761905 0.05194113756613747 0.4671693121693122 0.9324107142857143
1 0.5216087962962962 0.833493716931217 0.046789021164021165 0.06503637566137568 0.517609126984127 0.8237400793650793
1 0.5107705026455027 0.7805853174603173 0.06589285714285714 0.02704365079365086 0.4949867724867725 0.7699636243386243
1 0.36106150793650793 0.7230638227513227 0.030046296296296262 0.06481812169312176 0.3633201058201058 0.7169246031746032
1 0.39229001322751317 0.7075033068783068 0.03670304232804233 0.0199603174603175 0.3918783068783069 0.7069113756613756
1 0.49284722222222216 0.6841087962962963 0.06267195767195774 0.0916501322751323 0.4853406084656085 0.668339947089947
1 0.4035598544973545 0.6400016534391535 0.021894841269841283 0.05280092592592595 0.40782738095238097 0.6401521164021163
1 0.47964616402116406 0.6070552248677249 0.015238095238095214 0.010089285714285712 0.4812632275132275 0.6078835978835979
1 0.5229910714285715 0.5765112433862434 0.012106481481481449 0.018287037037037022 0.5239153439153439 0.5770998677248678
1 0.4696742724867725 0.5374867724867726 0.056921296296296255 0.05976190476190477 0.46791005291005294 0.5381580687830688
1 0.41507275132275134 0.5340145502645502 0.07289021164021166 0.05125661375661376 0.40374669312169315 0.5292559523809524
1 0.41133763227513226 0.5001438492063491 0.043786375661375616 0.028845899470899477 0.4081977513227514 0.5029232804232804
1 0.48693121693121694 0.4400033068783069 0.022407407407407404 0.0234391534391534 0.4897916666666667 0.43950066137566135
1 0.5229910714285715 0.31572916666666667 0.020347222222222214 0.011332671957671951 0.523260582010582 0.31577050264550266
1 0.43966931216931215 0.1359540343915344 0.04017857142857143 0.047906746031746036 0.4317460317460317 0.13677579365079365
1 0.423573082010582 0.06563988095238095 0.0656779100529101 0.052027116402116415 0.40467592592592594 0.08457010582010582
1 0.47907738095238095 0.040939153439153435 0.0422420634920635 0.08187830687830687 0.47709986772486773 0.06008267195767196
1 0.547974537037037 0.02715277777777778 0.07031415343915348 0.05430555555555556 0.5208267195767196 0.035486111111111114
1 0.5353538359788359 0.09409887566137566 0.026527777777777786 0.05588955026455026 0.530621693121693 0.11556216931216931
1 0.5192559523809523 0.17548941798941797 0.03914682539682543 0.07752645502645503 0.5214914021164021 0.20181547619047618
1 0.5461706349206349 0.18255787037037038 0.021891534391534406 0.03448743386243387 0.5416633597883598 0.19730489417989416
1 0.5519659391534392 0.19635085978835978 0.05409060846560852 0.07907076719576722 0.5486507936507936 0.21368055555555554
1 0.561754298941799 0.38630291005291 0.03451388888888893 0.03348544973544973 0.5626388888888889 0.3708994708994709
1 0.5970403439153439 0.3779315476190476 0.005152116402116378 0.008501984126984139 0.597202380952381 0.3787797619047619
1 0.567676917989418 0.4997569444444444 0.010300925925925956 0.024983465608465594 0.5689384920634921 0.49844907407407407
1 0.5940773809523809 0.5820502645502645 0.03271164021164023 0.0638756613756614 0.5952380952380952 0.5969411375661376
1 0.6096593915343915 0.6325314153439153 0.049451058201058266 0.058210978835978824 0.612255291005291 0.6103472222222223
1 0.6150760582010582 0.7311772486772486 0.04119708994708992 0.06644841269841271 0.614834656084656 0.7199239417989418
1 0.6719890873015872 0.7663343253968254 0.0736607142857142 0.07752314814814824 0.6470634920634921 0.7622089947089947
1 0.601031746031746 0.8378075396825396 0.012103174603174572 0.007724867724867767 0.6003174603174602 0.8389484126984127
1 0.6265294312169312 0.9265376984126984 0.05176917989417996 0.06619047619047615 0.6140542328042329 0.927281746031746
1 0.5818435846560847 0.9609209656084655 0.02215277777777778 0.038634259259259236
1 0.6423710317460317 0.9978472222222221 0.005152116402116378 0.0043055555555555495
1 0.6776570767195766 0.9968154761904762 0.015453042328042335 0.006369047619047692 0.5839980158730159 0.946875
1 0.7653554894179894 0.9363244047619047 0.032708333333333284 0.06258928571428571 0.762665343915344 0.9274470899470899
1 0.7823544973544974 0.9404464285714286 0.028075396825396854 0.03580026455026447 0.7821660052910053 0.9395965608465608
1 0.7997404100529101 0.8678125 0.03296626984126986 0.07958664021164023 0.7934193121693123 0.8474537037037037
1 0.8508664021164021 0.7640162037037038 0.053313492063492146 0.027556216931217056 0.8265145502645503 0.7544742063492064
1 0.8359275793650794 0.6089632936507937 0.049196428571428565 0.05640542328042326 0.8308961640211641 0.6170502645502646
1 0.696329365079365 0.6465691137566137 0.05434523809523807 0.05176917989417988 0.6826421957671958 0.6441236772486773
1 0.6592410714285715 0.6063888888888889 0.05640542328042326 0.0883465608465608 0.6413888888888889 0.6134424603174603
1 0.6620734126984127 0.5438012566137566 0.0682539682539682 0.049196428571428565 0.6491236772486773 0.5345436507936508
1 0.6500975529100529 0.4976984126984127 0.05202711640211638 0.06001322751322752 0.6431944444444444 0.4863293650793651
1 0.6542195767195768 0.3839847883597884 0.02266534391534398 0.06284391534391533 0.644160052910053 0.3966600529100529
1 0.6436574074074074 0.35269014550264544 0.028333333333333353 0.03940806878306873 0.6419312169312169 0.3579563492063492
1 0.6507407407407408 0.2901041666666667 0.019318783068783017 0.01931547619047618 0.6497387566137566 0.28944444444444445
1 0.7104943783068782 0.299890873015873 0.025499338624338667 0.03374338624338623 0.7060978835978835 0.31062169312169313
1 0.6806183862433862 0.2643468915343915 0.04043650793650793 0.04301256613756611 0.6821263227513228 0.26951058201058203
1 0.7012218915343915 0.23910714285714285 0.02961970899470905 0.013134920634920607 0.6879398148148148 0.2444675925925926
1 0.7562136243386244 0.24258432539682542 0.022665343915343902 0.03915013227513227 0.7478736772486773 0.26072751322751325
1 0.752349537037037 0.3645386904761905 0.047906746031745995 0.07752314814814813 0.7308564814814815 0.40212301587301585
1 0.8060499338624338 0.4181101190476191 0.07083002645502648 0.06928902116402123 0.8051124338624338 0.42651455026455026
1 0.851638558201058 0.5284689153439154 0.02241071428571428 0.05046957671957676 0.8479497354497354 0.5287037037037037
1 0.9061127645502646 0.7278290343915343 0.043270502645502765 0.019057539682539718 0.8889880952380953 0.7260582010582011
1 0.9469361772486772 0.788614417989418 0.051769179894179805 0.07675264550264563
1 0.9904034391534392 0.8334292328042328 0.019193121693121682 0.02575396825396829
1 0.9749487433862434 0.8066418650793651 0.0501025132275133 0.04223875661375662
1 0.991046626984127 0.7524272486772488 0.017906746031746062 0.018287037037036945 0.9259490740740741 0.7605092592592593
1 0.9573677248677248 0.7356861772486772 0.0231812169312169 0.04764880952380957 0.953207671957672 0.7206679894179895
1 0.9803587962962963 0.7025876322751323 0.0392824074074074 0.04481812169312161 0.9759920634920636 0.6898478835978835
1 0.9830621693121693 0.6163062169312169 0.03387566137566139 0.031421957671957663 0.9729100529100528 0.602308201058201
1 0.9676703042328041 0.5815343915343916 0.04842261904761899 0.04687830687830687 0.9735284391534391 0.5856117724867725
1 0.9423015873015873 0.5139236111111111 0.040436507936507854 0.060009920634920645 0.9258796296296297 0.5143683862433862
1 0.9785548941798942 0.4729712301587301 0.04289021164021158 0.0924636243386243 0.9601289682539682 0.47
1 0.9741765873015873 0.285338955026455 0.051646825396825344 0.05305886243386245 0.9673611111111111 0.2931878306878307
1 0.8939037698412698 0.15341600529100527 0.029361772486772474 0.04636243386243386 0.8883928571428571 0.15991732804232803
1 0.8850181878306879 0.19140707671957674 0.007986111111111142 0.08834325396825396 0.88375 0.23391203703703706
1 0.9220585317460318 0.15120701058201058 0.061240079365079386 0.17611772486772484 0.8943220899470898 0.2382969576719577
1 0.9336722883597884 0.19779927248677248 0.08036044973544966 0.017615740740740734 0.8966435185185184 0.20400462962962962
1 0.9713822751322752 0.02418154761904762 0.019153439153439176 0.04836309523809524
1 0.8250942460317461 0.00783068783068783 0.013290343915343934 0.01566137566137566 0.9574900793650793 0.12149801587301588
1 0.6400214947089947 0.09032242063492063 0.020175264550264548 0.048938492063492066
1 0.6296378968253968 0.015496031746031745 0.0939583333333333 0.03099206349206349 0.6406944444444445 0.10130952380952381
1 0.7736425264550264 0.12601851851851853 0.12305224867724872 0.25123015873015875 0.7285978835978837 0.16789351851851853
1 0.8585962301587301 0.10119047619047619 0.019229497354497235 0.03338624338624339 0.856464947089947 0.10314484126984128
1 0.43014550264550266 0.43906415343915345 0.07583994708994714 0.19226851851851853 0.4253373015873016 0.5330621693121693
1 0.7828654100529101 0.2332556216931217 0.08375992063492077 0.12875992063492062
1 0.8814037698412698 0.9937433862433862 0.006716269841269823 0.012513227513227561 0.7449933862433863 0.2905059523809524
1 0.5878902116402116 0.35369212962962965 0.06818121693121687 0.05952050264550261 0.5670337301587302 0.36746362433862434
1 0.7754530423280422 0.32939318783068783 0.045304232804232805 0.024632936507936472
1 0.02861111111111111 0.5262417328042328 0.03755952380952381 0.01842261904761906
1 0.03422619047619048 0.8192708333333335 0.03308862433862434 0.0312996031746032 0.04217592592592593 0.8143386243386244
1 0.07509589947089947 0.8827662037037036 0.0575925925925926 0.05956018518518523 0.07658068783068783 0.8751025132275132
1 0.05935681216931217 0.9239054232804232 0.025757275132275128 0.0366666666666667 0.06857473544973545 0.9109556878306878
1 0.36475363756613755 0.06737764550264551 0.01180224867724862 0.027685185185185195 0.3677149470899471 0.06808531746031746
1 0.2534011243386244 0.8423561507936508 0.1848247354497355 0.1433763227513228 0.22846891534391534 0.7730324074074074
1 0.41665839947089944 0.7796775793650793 0.024454365079365093 0.07264880952380955 0.4174702380952381 0.7669940476190475
1 0.40924768518518523 0.7331696428571428 0.03198082010582012 0.028369708994708982 0.4081977513227514 0.7376951058201058
1 0.34939484126984127 0.6132142857142857 0.1589153439153439 0.058723544973545025 0.41848214285714286 0.5875429894179894
1 0.5576306216931217 0.31283895502645503 0.01288029100529102 0.010697751322751331 0.5523875661375661 0.31750661375661376
1 0.58057208994709 0.3382804232804233 0.04950396825396827 0.04870370370370366 0.5785284391534392 0.3483333333333333
1 0.7810681216931217 0.29522982804232806 0.054345238095237995 0.06820436507936507 0.7587632275132276 0.31607142857142856
1 0.7970205026455026 0.3068716931216931 0.02087301587301584 0.026170634920634917 0.7918849206349206 0.30206679894179894
1 0.431645171957672 0.019677579365079367 0.05963293650793648 0.03935515873015873
1 0.14148478835978837 0.8618816137566138 0.07426587301587301 0.046382275132275205 0.1460383597883598 0.844212962962963
1 0.03638062169312169 0.6617890211640212 0.015413359788359789 0.02438492063492056 0.04040674603174603 0.6553472222222222
1 0.08710978835978835 0.6449950396825397 0.07868386243386244 0.035889550264550256 0.0808994708994709 0.6380919312169312
1 0.5948511904761905 0.23176587301587298 0.009014550264550262 0.007724867724867729 0.5944378306878306 0.23209986772486774
1 0.7154679232804232 0.18552083333333333 0.35163690476190473 0.27227843915343913 0.6915674603174604 0.22146164021164022
0 0.07134093915343916 0.9637863756613756 0.046147486772486764 0.07242724867724867
0 0.15151455026455027 0.23339781746031746 0.05923941798941799 0.051081349206349214
0 0.2057093253968254 0.1596709656084656 0.005796957671957701 0.03584325396825396
0 0.5611094576719577 0.8599586640211639 0.021894841269841283 0.07881283068783067
0 0.6351587301587301 0.881592261904762 0.03296957671957673 0.028845899470899477
0 0.8181564153439154 0.7430257936507936 0.06207341269841271 0.03554232804232805
0 0.8019295634920635 0.6922867063492063 0.089375 0.042754629629629615
0 0.77849041005291 0.6330472883597884 0.06619378306878294 0.01648478835978833
0 0.7558250661375661 0.34071428571428575 0.028587962962963055 0.02421296296296297
