1 0.6820767195767196 0.44907407407407407 0.0428571428571429 0.06931216931216928 0.6729497354497355 0.4685846560846561
1 0.5749338624338624 0.4902612433862434 0.06719576719576721 0.06749338624338622 0.5687830687830688 0.5072751322751323
1 0.7771825396825396 0.3927248677248677 0.02619047619047628 0.040806878306878264 0.7780390211640211 0.39421296296296293
1 0.7683366402116402 0.34024470899470904 0.0565806878306878 0.08062169312169311 0.7589285714285714 0.37334656084656087
1 0.8925925925925925 0.7335251322751324 0.032605820105820076 0.020449735449735346
1 0.9894675925925926 0.9582589285714286 0.021064814814814755 0.030109126984127044
1 0.8100892857142857 0.0023991402116402116 0.011296296296296249 0.004798280423280423
1 0.5485747354497355 0.9939880952380952 0.005291005291005291 0.012023809523809565 0.8921957671957672 0.7328042328042328
1 0.8083581349206349 0.43473379629629627 0.01088293650793646 0.00894510582010588 0.8109226190476191 0.4321792328042328
1 0.05780423280423281 0.9930886243386243 0.024007936507936506 0.013822751322751382 0.06018849206349206 0.9985879629629629
1 0.01369047619047619 0.5844378306878306 0.02738095238095238 0.017367724867724862 0.005400132275132275 0.5807374338624339
1 0.7760251322751323 0.3187648809523809 0.02188492063492058 0.01032076719576717 0.7795436507936508 0.3183664021164021
1 0.4147982804232804 0.9869080687830687 0.018287037037037022 0.0049735449735449615 0.4146825396825397 0.9867724867724867
1 0.11043320105820105 0.777364417989418 0.032242063492063495 0.009623015873015993 0.10912698412698413 0.7767857142857143
1 0.8645998677248677 0.877662037037037 0.06372354497354506 0.04626322751322754 0.8425925925925926 0.8726851851851852
1 0.533151455026455 0.39408068783068784 0.07126322751322751 0.05839947089947087 0.5228174603174603 0.39186507936507936
1 0.6856977513227513 0.1675925925925926 0.029332010582010598 0.0322089947089947 0.6845238095238095 0.167989417989418
1 0.7060681216931217 0.1421957671957672 0.04454365079365073 0.05853174603174603 0.7013888888888888 0.15376984126984128
1 0.7426421957671958 0.5173776455026455 0.027017195767195707 0.016898148148148117 0.7420634920634921 0.5205026455026455
1 0.5908234126984128 0.7005621693121693 0.10783730158730163 0.06977513227513228 0.5621693121693122 0.7043650793650794
1 0.3951289682539682 0.9411458333333333 0.018339947089947028 0.015790343915343917 0.39351851851851855 0.9408068783068783
1 0.6284986772486773 0.8395419973544974 0.030634920634920668 0.013541666666666606 0.6286375661375662 0.8396164021164021
1 0.4198247354497354 0.8296130952380952 0.020205026455026424 0.019345238095238096 0.4226190476190476 0.8316798941798942
1 0.8240740740740741 0.12136243386243387 0.041005291005291 0.01951058201058201 0.8141534391534392 0.12334656084656084
1 0.16631944444444446 0.09264219576719576 0.028207671957671963 0.02781084656084656 0.1626984126984127 0.09556878306878307
1 0.160041335978836 0.8316881613756614 0.0264781746031746 0.014798280423280423 0.16104497354497355 0.8336640211640212
1 0.7755291005291005 0.4787202380952381 0.033994708994708904 0.05069444444444443 0.767526455026455 0.4834656084656085
1 0.5783895502645503 0.4198412698412698 0.026818783068783037 0.03326719576719581 0.5707671957671958 0.41898148148148145
1 0.596412037037037 0.9550595238095237 0.053141534391534406 0.048346560846560784 0.5942460317460317 0.9513888888888888
1 0.42228835978835977 0.016534391534391533 0.042328042328042326 0.03306878306878307 0.42427248677248675 0.02976190476190476
1 0.01974206349206349 0.24155092592592595 0.024603174603174606 0.00988756613756613 0.022817460317460316 0.24305555555555555
1 0.48625 0.581400462962963 0.03248677248677249 0.0215310846560847 0.4837962962962963 0.5816798941798942
1 0.9116021825396825 0.6280340608465609 0.029771825396825314 0.03642526455026458 0.9050925925925926 0.6332671957671958
1 0.8649470899470899 0.08197751322751323 0.030687830687830746 0.0425925925925926 0.8692791005291005 0.07963293650793651
1 0.38472222222222224 0.3966600529100529 0.022751322751322738 0.03525132275132272 0.38392857142857145 0.3960648148148148
1 0.20211640211640214 0.7376322751322751 0.028571428571428564 0.032142857142857084 0.20205026455026456 0.7361111111111112
1 0.8060185185185184 0.36209490740740735 0.07361111111111109 0.060400132275132266 0.7837301587301587 0.3776455026455027
1 0.7757771164021163 0.460433201058201 0.01498015873015864 0.029067460317460273 0.77744708994709 0.46164021164021163
1 0.7913194444444444 0.02847222222222222 0.033035714285714314 0.035449735449735446 0.7916666666666666 0.027116402116402115
1 0.549224537037037 0.5432919973544973 0.03270171957671954 0.017404100529100564 0.5462962962962963 0.5462962962962963
1 0.4428174603174603 0.8781431878306879 0.018068783068783102 0.02413690476190469 0.44246031746031744 0.8776455026455027
1 0.22632275132275134 0.0642361111111111 0.039484126984126976 0.024966931216931217 0.2275132275132275 0.06514550264550265
1 0.4325066137566138 0.025793650793650792 0.08670634920634922 0.051587301587301584
1 0.004001322751322751 0.2551124338624339 0.008002645502645503 0.023148148148148147 0.40906084656084657 0.044642857142857144
1 0.1972205687830688 0.8149156746031747 0.012430555555555566 0.02519510582010584 0.1984126984126984 0.8158068783068783
1 0.43802248677248673 0.9187615740740741 0.014431216931216965 0.006987433862433898 0.43816137566137564 0.9183201058201058
1 0.26904761904761904 0.7734623015873016 0.06587301587301589 0.05955687830687827 0.2691798941798942 0.7658730158730159
1 0.41476521164021163 0.7851851851851851 0.03951719576719577 0.02996031746031743 0.4150132275132275 0.7817460317460317
1 0.263640873015873 0.7920965608465609 0.05009920634920635 0.017724867724867695 0.2595899470899471 0.7847222222222222
1 0.03488756613756614 0.44222883597883594 0.06977513227513228 0.04543650793650797 0.033134920634920635 0.4438492063492064
1 0.17291666666666666 0.37871693121693123 0.05357142857142857 0.05654761904761905 0.18353174603174602 0.39384920634920634
1 0.2701719576719577 0.8350694444444444 0.03373015873015873 0.04864417989418002 0.271494708994709 0.8277116402116402
1 0.97010582010582 0.04365079365079365 0.0377645502645502 0.0378968253968254 0.9702380952380952 0.04332010582010582
1 0.06486441798941799 0.017526455026455025 0.036937830687830686 0.015806878306878307 0.06349206349206349 0.01951058201058201
1 0.684837962962963 0.48711970899470897 0.03237433862433865 0.04434523809523806 0.6765873015873016 0.49537037037037035
1 0.3885449735449736 0.9111507936507935 0.008558201058201095 0.026243386243386284 0.39021164021164023 0.9107142857142857
1 0.24305555555555555 0.6474867724867724 0.056216931216931214 0.0882936507936508 0.25 0.6498015873015873
1 0.5980489417989417 0.32901785714285714 0.04662698412698413 0.027810846560846567 0.5978835978835979 0.3296957671957672
0 0.0092592592592593 0.010747354497354497 0.018518518518518517 0.021494708994708994
0 0.855489417989418 0.03968253968253968 0.04861111111111111 0.07308201058201058
0 0.41369047619047616 0.5707671957671958 0.017195767195767195 0.061507936507936505
0 0.5724206349206349 0.3148148148148148 0.027447089947089946 0.05654761904761905
0 0.4375 0.6283068783068783 0.022486772486772486 0.059854497354497355
0 0.7179232804232805 0.09722222222222222 0.016203703703703703 0.051587301587301584
0 0.6421957671957672 0.17493386243386244 0.0796957671957672 0.09656084656084656
0 0.7923280423280423 0.498015873015873 0.034722222222222224 0.026455026455026454
0 0.24371693121693122 0.8927910052910053 0.03736772486772487 0.06898148148148145
0 0.8178753306878307 0.3587847222222223 0.01229166666666669 0.009606481481481466
0 0.6272569444444445 0.9855605158730159 0.022774470899470864 0.028296957671957577
0 0.921494708994709 0.8355820105820106 0.015939153439153378 0.01507936507936505
0 0.07281746031746031 0.1496031746031746 0.03088624338624338 0.037103174603174596
