1 0.6702876984126984 0.7008267195767196 0.04097222222222225 0.06653439153439154 0.6666666666666666 0.6881613756613757
1 0.6179398148148149 0.30439814814814814 0.0493055555555556 0.03869047619047619 0.6068121693121693 0.3072089947089947
1 0.032721560846560846 0.4705687830687831 0.06544312169312169 0.051587301587301584 0.04308862433862434 0.4567460317460318
1 0.7762896825396826 0.31297949735449737 0.04510582010581998 0.023313492063492064 0.7764550264550265 0.31382275132275134
1 0.7449074074074074 0.4709490740740741 0.048544973544973606 0.0465939153439153 0.7438492063492064 0.47483465608465614
1 0.6970568783068783 0.7318783068783068 0.024074074074074133 0.040410052910053 0.6924603174603174 0.7440476190476191
1 0.6819609788359788 0.7590443121693121 0.06398809523809523 0.06491402116402123 0.6623677248677249 0.7397486772486772
1 0.8774636243386242 0.422718253968254 0.03660714285714295 0.09186507936507934 0.8716931216931217 0.42228835978835977
1 0.5081514550264551 0.7362103174603175 0.06531084656084656 0.06779100529100529 0.5092592592592593 0.7175925925925926
1 0.448478835978836 0.44345238095238093 0.026785714285714284 0.06772486772486778 0.4497354497354497 0.43022486772486773
1 0.8024636243386242 0.7108465608465608 0.028406084656084685 0.04160052910052916 0.7938161375661376 0.7078703703703704
1 0.6987929894179894 0.9330588624338625 0.018518518518518517 0.01984126984126984 0.7017195767195767 0.9338624338624338
1 0.9240906084656084 0.698776455026455 0.04970238095238086 0.07447089947089941
1 0.8124338624338625 0.007357804232804232 0.01951058201058201 0.014715608465608465 0.9206349206349206 0.7020502645502645
1 0.686061507936508 0.017708333333333333 0.06292989417989424 0.035416666666666666 0.6629298941798942 0.025264550264550267
1 0.053257275132275135 0.5400297619047619 0.02046957671957672 0.006646825396825367 0.06224537037037037 0.5400925925925926
1 0.4817080026455026 0.42587962962962966 0.06051256613756614 0.04578703703703697 0.4742063492063492 0.43287037037037035
1 0.5537367724867724 0.13700396825396827 0.016071428571428542 0.015674603174603167 0.5535714285714286 0.13902116402116402
1 0.187880291005291 0.34634589947089944 0.053736772486772486 0.04639550264550263
1 0.5327215608465607 0.9518022486772487 0.0536706349206349 0.03257275132275132 0.5299603174603175 0.9389880952380952
1 0.04456018518518518 0.03194444444444444 0.04460978835978835 0.046759259259259264 0.05357142857142857 0.05191798941798942
1 0.049933862433862435 0.6875 0.0796957671957672 0.061507936507936505 0.0759920634920635 0.6926256613756614
1 0.3639219576719577 0.2294312169312169 0.01970899470899468 0.049933862433862435 0.3697089947089947 0.2347883597883598
1 0.05102513227513228 0.7612929894179894 0.037301587301587294 0.020072751322751263 0.05085978835978836 0.764616402116402
1 0.29287367724867724 0.02205687830687831 0.04083994708994709 0.04411375661375662 0.2916666666666667 0.037698412698412696
1 0.8085978835978835 0.12551256613756614 0.04563492063492063 0.011871693121693115 0.7979828042328042 0.129265873015873
1 0.6186574074074074 0.4720039682539683 0.011593915343915327 0.015185185185185133 0.6164484126984128 0.4726951058201058
1 0.9078488756613756 0.7976372354497355 0.015181878306878258 0.019877645502645546 0.9066071428571428 0.7979133597883598
1 0.9416832010582011 0.02443783068783069 0.04341931216931223 0.04887566137566138 0.9275793650793651 0.01984126984126984
1 0.4308531746031746 0.9115244708994709 0.05171957671957667 0.07966269841269845 0.42916666666666664 0.8864417989417989
1 0.12843915343915344 0.33318452380952385 0.04384920634920634 0.06207010582010584 0.13690476190476192 0.3386243386243386
1 0.20320767195767195 0.29591600529100526 0.06269841269841267 0.11160714285714282 0.20667989417989419 0.30158730158730157
1 0.08994708994708994 0.7513392857142858 0.059854497354497355 0.0694775132275132 0.08895502645502645 0.7298280423280423
1 0.9598544973544973 0.1101521164021164 0.01951058201058201 0.0402116402116402 0.9598544973544973 0.11408730158730158
1 0.016435185185185185 0.9540674603174605 0.03287037037037037 0.07460317460317457 0.027447089947089946 0.933531746031746
1 0.23973214285714287 0.29875992063492063 0.020535714285714293 0.06226851851851854 0.24107142857142858 0.310515873015873
1 0.04497354497354497 0.8352678571428571 0.032407407407407406 0.04242724867724874 0.050595238095238096 0.8349867724867724
1 0.5399305555555556 0.0589781746031746 0.06994047619047619 0.033895502645502645 0.5238095238095238 0.062169312169312166
1 0.7057390873015872 0.1051984126984127 0.031187169312169295 0.03306878306878307 0.7066798941798942 0.11011904761904762
1 0.8326223544973544 0.0640707671957672 0.06524470899470905 0.0517526455026455 0.8032407407407407 0.07308201058201058
1 0.16170634920634921 0.35186838624338623 0.06117724867724868 0.11286375661375664 0.18584656084656084 0.3726851851851852
1 0.36008597883597887 0.020535714285714286 0.028439153439153438 0.04107142857142857 0.3587962962962963 0.031746031746031744
1 0.3137896825396826 0.7555059523809524 0.041203703703703715 0.05406746031746032 0.31382275132275134 0.7371031746031746
1 0.7550099206349207 0.9952199074074074 0.007705026455026515 0.009560185185185137 0.7550396825396825 0.997609126984127
1 0.24113756613756615 0.03973214285714286 0.034193121693121685 0.02225529100529101 0.24206349206349206 0.0419973544973545
1 0.41263227513227513 0.8539021164021163 0.08875661375661378 0.06792328042328045 0.4064153439153439 0.8488756613756614
1 0.0438723544973545 0.5622585978835979 0.022222222222222227 0.02650793650793646 0.05188492063492064 0.5567129629629629
1 0.6061507936507936 0.9348544973544973 0.06481481481481481 0.04662698412698413 0.5992063492063492 0.933531746031746
1 0.7821263227513228 0.18485449735449735 0.02562830687830688 0.0396164021164021 0.7771164021164021 0.19768518518518516
1 0.8698743386243386 0.3241236772486773 0.05952380952380952 0.057043650793650834 0.8580357142857142 0.3318121693121693
1 0.7717261904761904 0.7352843915343915 0.02361111111111114 0.037037037037037035 0.7652116402116402 0.7281746031746031
1 0.8117609126984127 0.030279431216931222 0.03137235449735446 0.042172619047619056 0.8009259259259259 0.04497354497354497
1 0.6029927248677248 0.20256283068783068 0.0412367724867725 0.07179232804232805 0.6038359788359788 0.2261904761904762
1 0.7645998677248677 0.008052248677248677 0.027149470899470868 0.016104497354497354 0.7599206349206349 0.006283068783068783
1 0.9479001322751323 0.6470734126984127 0.025033068783068872 0.01775793650793645 0.9477513227513228 0.6501322751322751
1 0.4928736772486772 0.5229497354497354 0.057771164021164036 0.0248015873015873 0.4812169312169312 0.5213955026455026
1 0.12227182539682539 0.6234126984126984 0.028339947089947106 0.007738095238095268 0.12400793650793651 0.6223544973544973
1 0.0474702380952381 0.3841104497354497 0.055257936507936506 0.028075396825396854 0.052480158730158724 0.3897156084656085
1 0.7384424603174604 0.5262896825396826 0.04434523809523806 0.0936507936507936 0.7308201058201058 0.5169312169312169
1 0.49893849206349206 0.4231183862433862 0.026779100529100534 0.04888227513227519
1 0.5380291005291006 0.658068783068783 0.03869047619047619 0.09325396825396826 0.5337301587301587 0.6577380952380952
1 0.4012070105820106 0.5234953703703703 0.07642195767195764 0.0823743386243386 0.3898809523809524 0.5069444444444444
1 0.503885582010582 0.646494708994709 0.047784391534391533 0.05654761904761905 0.501984126984127 0.6462962962962964
1 0.40071097883597884 0.3945436507936508 0.019014550264550265 0.05555555555555555 0.40575396825396826 0.3968253968253968
1 0.2904265873015873 0.45443121693121696 0.03435846560846564 0.017063492063492034 0.28835978835978837 0.4556878306878307
1 0.7499669312169311 0.7531580687830688 0.041468253968254 0.04533730158730156 0.7427248677248677 0.7585978835978836
1 0.9363095238095238 0.35858134920634915 0.032671957671957734 0.052678571428571415 0.9269179894179894 0.3548280423280423
1 0.7510251322751322 0.21129298941798944 0.015542328042328041 0.02099867724867725 0.7502017195767197 0.2143915343915344
1 0.684755291005291 0.5145337301587302 0.03670634920634913 0.06352513227513225 0.6809854497354498 0.5086309523809524
1 0.5160383597883598 0.5423280423280423 0.062169312169312166 0.0882936507936508 0.5077711640211641 0.5321759259259259
1 0.8024470899470899 0.2160218253968254 0.05033068783068777 0.027612433862433863 0.7800925925925926 0.22526455026455028
0 0.7347883597883598 0.05489417989417989 0.012235449735449735 0.016534391534391533
0 0.12688492063492063 0.748015873015873 0.058664021164021155 0.04332010582010582
0 0.9892361111111111 0.1558316798941799 0.021527777777777746 0.004970238095238087
0 0.9778604497354498 0.9740244708994709 0.024305555555555556 0.03812830687830679
