1 0.10951223544973546 0.0407853835978836 0.062126322751322766 0.08110780423280424 0.13389550264550265 0.004828042328042328
1 0.17678571428571427 0.043058862433862435 0.010376984126984125 0.03226190476190476 0.1781415343915344 0.045535714285714284
1 0.03826223544973545 0.06448578042328042 0.0765244708994709 0.07319113756613757 0.016633597883597882 0.07847222222222222
1 0.11491071428571428 0.29452546296296295 0.049378306878306875 0.07294642857142858 0.11580026455026456 0.2944477513227513
1 0.04196428571428572 0.41634755291005293 0.05178571428571428 0.04357473544973545 0.050277777777777775 0.42376322751322754
1 0.02140873015873016 0.49447089947089945 0.04281746031746032 0.04189153439153434 0.0031283068783068786 0.49379298941798944
1 0.034379960317460316 0.5920965608465608 0.026987433862433866 0.025277777777777795 0.03398478835978836 0.5984920634920635
1 0.03633597883597883 0.7719394841269841 0.07267195767195767 0.04935515873015873 0.03675595238095238 0.7728736772486773
1 0.16667328042328042 0.8194890873015874 0.07201058201058201 0.03418981481481477 0.16848544973544974 0.8161044973544974
1 0.07001157407407406 0.9246974206349206 0.11895833333333332 0.05248346560846562 0.08412698412698413 0.9093915343915344
1 0.3453257275132275 0.9867857142857143 0.051279761904761884 0.026428571428571454 0.32866402116402116 0.9905919312169312
1 0.35253472222222226 0.9374586640211641 0.0879001322751323 0.08715277777777784 0.3466931216931217 0.9188161375661376
1 0.42608630952380955 0.9890724206349206 0.050102513227513225 0.021855158730158777 0.41637566137566134 0.9885119047619049
1 0.3695089285714286 0.7896345899470899 0.027470238095238148 0.050076058201058295 0.37026785714285715 0.7839682539682539
1 0.2280654761904762 0.8238227513227513 0.07056216931216931 0.0500793650793651 0.234021164021164 0.8186375661375661
1 0.2988475529100529 0.7184920634920634 0.044083994708994725 0.03057539682539684 0.30474537037037036 0.7142824074074073
1 0.2939153439153439 0.6063111772486773 0.08716931216931217 0.05078373015873014 0.28879629629629633 0.6009193121693122
1 0.25394675925925925 0.6061805555555556 0.027953042328042358 0.0341865079365079 0.25620701058201056 0.6085449735449735
1 0.18099867724867727 0.5669378306878307 0.08284391534391536 0.10304232804232809 0.1906845238095238 0.547526455026455
1 0.36819609788359786 0.5574289021164021 0.06572420634920635 0.06331679894179895 0.3629861111111111 0.5589682539682539
1 0.2373346560846561 0.4331994047619047 0.09728835978835977 0.06909722222222224
1 0.20170304232804234 0.3750578703703704 0.10402777777777777 0.08811838624338625
1 0.3704728835978836 0.3556779100529101 0.07995370370370374 0.03346560846560848 0.3827480158730159 0.3571990740740741
1 0.664145171957672 0.04379960317460317 0.04297288359788354 0.02748015873015873 0.6663029100529101 0.042956349206349206
1 0.7281117724867725 0.2975347222222222 0.03782407407407411 0.027926587301587317 0.7207671957671957 0.29618055555555556
1 0.6047387566137566 0.41213458994708996 0.08523148148148149 0.07222552910052912 0.5914517195767196 0.4150958994708995
1 0.6048429232804233 0.601479828042328 0.07827050264550266 0.09267526455026455 0.6067063492063492 0.5929431216931217
1 0.7324570105820105 0.6696197089947089 0.0705423280423281 0.07439153439153433 0.719725529100529 0.6501455026455026
1 0.7660482804232803 0.6555307539682539 0.007718253968253866 0.04621362433862426 0.7651421957671958 0.6525727513227514
1 0.7070205026455028 0.9262632275132275 0.114404761904762 0.05031746031746027 0.7084325396825397 0.9122685185185184
1 0.47844907407407405 0.8999007936507937 0.027711640211640198 0.01830026455026445 0.4825958994708994 0.895598544973545
1 0.9173429232804233 0.9432374338624339 0.02337632275132277 0.0269642857142857 0.9240410052910053 0.9465939153439153
1 0.9714054232804233 0.8607787698412698 0.05441137566137565 0.06187500000000004 0.9914351851851851 0.8582671957671958
1 0.9524933862433863 0.7775975529100528 0.09464285714285724 0.10159722222222223 0.9843584656084655 0.7658068783068783
1 0.9380605158730158 0.6126818783068783 0.08065145502645499 0.043816137566137565 0.9246164021164021 0.6068121693121693
1 0.9777860449735449 0.3378621031746032 0.04405753968253969 0.06331679894179895 0.995568783068783 0.366468253968254
1 0.9854613095238095 0.2729778439153439 0.0290773809523809 0.06933531746031749 0.9831018518518518 0.27109788359788356
1 0.7016286375661376 0.8338227513227513 0.09945436507936507 0.046944444444444455
1 0.12144510582010581 0.31983300264550263 0.03832671957671957 0.01717923280423278
1 0.9720585317460317 0.8343419312169312 0.021094576719576708 0.03885582010582011 0.9728075396825396 0.8318088624338624
1 0.0708531746031746 0.10168154761904763 0.046488095238095245 0.017576058201058193 0.07567791005291005 0.10673280423280423
1 0.7160019841269841 0.871999007936508 0.0841865079365079 0.09105489417989415 0.7087632275132276 0.8803902116402117
1 0.9504943783068783 0.09350363756613757 0.023237433862433855 0.021140873015873026 0.9457010582010582 0.096005291005291
1 0.8307721560846562 0.40797949735449734 0.06795965608465615 0.10050925925925927
1 0.015132275132275134 0.017417328042328043 0.024556878306878308 0.03346560846560847
1 0.015962301587301587 0.13514715608465608 0.03156084656084656 0.027205687830687823
1 0.8776306216931217 0.9806464947089947 0.06620701058201059 0.03870701058201064
1 0.9949718915343916 0.6298958333333333 0.010056216931216883 0.009388227513227546
1 0.22947420634920637 0.9966087962962963 0.005780423280423249 0.00678240740740748 0.8192261904761905 0.4112797619047619
0 0.935038029100529 0.30988095238095237 0.03791997354497357 0.04915343915343915
0 0.5999933862433863 0.13866071428571428 0.026964285714285777 0.07005952380952381
0 0.06768849206349206 0.08569609788359787 0.04140873015873016 0.048872354497354505
