1 0.023544973544973546 0.34487433862433864 0.04708994708994709 0.03902116402116406 0.01886574074074074 0.35083664021164024
1 0.17015542328042327 0.9194609788359788 0.03587962962962961 0.05386904761904765 0.1842261904761905 0.9062830687830687
1 0.5792328042328042 0.23870701058201055 0.11865079365079363 0.10882936507936508 0.5810185185185185 0.2542989417989418
1 0.37139550264550264 0.5472222222222222 0.05965608465608461 0.09305555555555559 0.373015873015873 0.5535714285714286
1 0.7181316137566138 0.2705935846560847 0.10122354497354494 0.10817791005291005 0.7000661375661376 0.2830687830687831
1 0.7833201058201059 0.25725198412698413 0.0672222222222223 0.11461640211640213 0.7724867724867724 0.2619047619047619
1 0.39907407407407414 0.09730489417989419 0.026719576719576706 0.05750661375661375 0.4006613756613756 0.11362433862433863
1 0.38802910052910056 0.45739087301587306 0.07070105820105818 0.07357804232804233 0.3958333333333333 0.460978835978836
1 0.780869708994709 0.009970238095238095 0.0517526455026455 0.01994047619047619 0.7570436507936509 0.01841931216931217
1 0.4187169312169312 0.19340277777777778 0.08088624338624335 0.08118386243386243
1 0.9789847883597883 0.39988425925925924 0.04203042328042325 0.015046296296296295 0.42493386243386244 0.21091269841269839
1 0.7469411375661376 0.48862433862433857 0.09249338624338618 0.07777777777777779
1 0.10398478835978836 0.00441468253968254 0.019146825396825388 0.00882936507936508 0.7228174603174604 0.492691798941799
1 0.48991402116402116 0.9106812169312168 0.0953703703703704 0.04378306878306881 0.49503968253968256 0.9087301587301587
1 0.3074900793650793 0.2447089947089947 0.08978174603174599 0.0853835978835979 0.33647486772486773 0.22724867724867726
1 0.7147156084656086 0.015178571428571428 0.06203703703703701 0.030357142857142857 0.7212301587301587 0.001984126984126984
1 0.176521164021164 0.4166501322751323 0.09047619047619049 0.08601190476190473 0.18584656084656084 0.4246031746031746
1 0.7597387566137566 0.54442791005291 0.009424603174603174 0.032837301587301575 0.7605820105820106 0.5459656084656085
1 0.4876322751322751 0.5791170634920635 0.08300264550264551 0.06372354497354492
1 0.96494708994709 0.9673445767195767 0.0701058201058201 0.06531084656084656 0.46349206349206346 0.5598544973544973
1 0.2506283068783069 0.1011243386243386 0.0525132275132275 0.05694444444444444 0.2480489417989418 0.11464947089947089
1 0.48955026455026457 0.7794146825396825 0.011574074074074073 0.033961640211640304 0.4909755291005291 0.7787466931216931
1 0.7879298941798941 0.8847883597883598 0.08412698412698416 0.13961640211640206 0.7994378306878307 0.8958664021164021
1 0.3629960317460318 0.8414186507936507 0.10529100529100532 0.1109457671957672 0.3238095238095238 0.8091269841269841
1 0.8446593915343915 0.5212136243386244 0.08283730158730158 0.10916005291005296 0.8328042328042329 0.5362103174603174
1 0.5295221560846561 0.3632060185185185 0.005836640211640167 0.014044312169312179 0.5290343915343915 0.3629960317460318
1 0.7323015873015873 0.2449107142857143 0.08478174603174607 0.057308201058201044 0.7245370370370371 0.2671957671957672
1 0.7204976851851851 0.2010383597883598 0.11440145502645511 0.0646031746031746 0.7177910052910053 0.23091931216931216
1 0.7574074074074074 0.8731646825396825 0.05859788359788354 0.05009920634920635 0.7829133597883599 0.8597949735449736
1 0.23215939153439152 0.8543650793650793 0.07972883597883598 0.10317460317460317 0.24206349206349206 0.8422619047619048
1 0.8736937830687831 0.23958333333333334 0.07509920634920632 0.0820767195767196 0.8611111111111112 0.2636574074074074
1 0.6986607142857143 0.5913359788359789 0.09659391534391538 0.07427248677248674 0.6838624338624338 0.593584656084656
1 0.25029761904761905 0.1943452380952381 0.10291005291005292 0.11402116402116402 0.26355820105820105 0.1736111111111111
1 0.0355489417989418 0.3074239417989418 0.0710978835978836 0.07000661375661377 0.04563492063492063 0.3148148148148148
1 0.5047453703703704 0.7894014550264551 0.07714947089947088 0.14599867724867724 0.5281084656084656 0.7982804232804233
1 0.584920634920635 0.1708829365079365 0.09457671957671958 0.0961309523809524 0.5602843915343915 0.21623677248677248
1 0.7149801587301587 0.7679563492063493 0.13498677248677243 0.15515873015873025
1 0.984209656084656 0.4266369047619048 0.031580687830687834 0.02212301587301583 0.720568783068783 0.7681878306878307
1 0.7144345238095238 0.36798941798941803 0.11326058201058194 0.08240740740740743 0.7037037037037037 0.3697089947089947
1 0.6424272486772487 0.2820271164021164 0.10132275132275136 0.0794642857142857 0.6339285714285714 0.2873677248677249
1 0.49113095238095233 0.9461392195767195 0.013174603174603148 0.007258597883597824 0.4914517195767196 0.9448412698412698
1 0.9075562169312169 0.44259259259259265 0.09196428571428568 0.10839947089947088
1 0.9791997354497354 0.9134755291005291 0.04160052910052916 0.05433201058201064 0.888558201058201 0.45205026455026454
1 0.4229166666666667 0.251901455026455 0.038558201058201104 0.024570105820105805 0.4255952380952381 0.24503968253968253
1 0.8540178571428572 0.9341269841269841 0.024503968253968222 0.025066137566137476
1 0.8824206349206349 0.38790509259259265 0.013518518518518555 0.04213955026455028
1 0.5165343915343915 0.9929728835978836 0.040277777777777836 0.014054232804232803 0.5149801587301587 0.9895833333333334
1 0.6658399470899471 0.028488756613756615 0.028439153439153438 0.05697751322751323 0.6674933862433863 0.05499338624338625
1 0.06268187830687831 0.2183366402116402 0.08422619047619047 0.07265211640211641 0.07175925925925926 0.22321428571428573
1 0.7474041005291004 0.9708829365079364 0.08098544973544977 0.05823412698412695 0.7544973544973544 0.9728505291005292
1 0.5492724867724867 0.04993386243386244 0.10112433862433869 0.08835978835978837 0.553339947089947 0.0914021164021164
1 0.8623511904761905 0.8223379629629629 0.03720238095238095 0.06412037037037024 0.8686177248677248 0.8237103174603175
1 0.7958829365079365 0.5751488095238095 0.08416005291005291 0.10876322751322755 0.7726521164021164 0.5873346560846561
1 0.9143187830687831 0.016550925925925924 0.05978835978835985 0.03310185185185185 0.9077380952380952 0.012566137566137565
1 0.950082671957672 0.5084656084656084 0.0651124338624339 0.06117724867724868
1 0.9710152116402117 0.11086309523809523 0.05796957671957678 0.06114417989417989 0.9461640211640211 0.5111111111111111
1 0.5120701058201058 0.15302579365079366 0.03571428571428571 0.06001984126984127 0.513558201058201 0.1775793650793651
1 0.7781911375661376 0.059854497354497355 0.14249338624338612 0.059854497354497355 0.7678571428571429 0.06481481481481481
1 0.8728174603174602 0.3821428571428571 0.11924603174603171 0.09100529100529102 0.8591269841269841 0.3862433862433862
0 0.989713955026455 0.309006283068783 0.02057208994708996 0.005796957671957701
0 0.4129513888888888 0.030811838624338627 0.043283730158730195 0.04543320105820106
0 0.3914864417989418 0.023478835978835978 0.05938161375661381 0.038994708994709
0 0.4521908068783069 0.5079943783068783 0.03726521164021166 0.008197751322751311
0 0.46850198412698413 0.04074074074074074 0.02304894179894174 0.037037037037037035
0 0.7607638888888889 0.6218253968253968 0.05168650793650784 0.016137566137566124
0 0.8601521164021164 0.4716931216931217 0.04887566137566143 0.056018518518518474
0 0.7550760582010582 0.7089285714285715 0.08541666666666672 0.06653439153439154
0 0.9563822751322751 0.8731646825396825 0.08723544973544979 0.015310846560846471
0 0.6843419312169312 0.07478505291005291 0.029067460317460346 0.07285052910052911
0 0.907308201058201 0.26559193121693125 0.04675925925925929 0.026157407407407414
0 0.07394179894179893 0.10454695767195767 0.03095238095238094 0.05909391534391534
0 0.4391369047619047 0.9692294973544973 0.009358465608465594 0.0350198412698413
0 0.9043650793650794 0.48842592592592593 0.008796296296296266 0.014682539682539712
0 0.1715972222222222 0.12055224867724867 0.01669973544973543 0.007552910052910064
0 0.6035879629629629 0.0841931216931217 0.04143518518518525 0.0667989417989418
0 0.013558201058201057 0.6498677248677248 0.027116402116402115 0.012499999999999985
0 0.5878968253968254 0.5706679894179894 0.01937830687830685 0.05383597883597882
0 0.8277116402116402 0.40758928571428577 0.04345238095238083 0.04011243386243385
0 0.5458333333333333 0.6076884920634921 0.008465608465608511 0.00744047619047619
0 0.6146825396825397 0.5708829365079364 0.03670634920634921 0.02212301587301583
0 0.42318121693121685 0.5357473544973544 0.04074074074074076 0.03981481481481477
0 0.4405753968253968 0.49462632275132273 0.016335978835978867 0.04077380952380959
0 0.6421626984126985 0.5307539682539683 0.02017195767195767 0.06263227513227516
0 0.8168650793650793 0.20090939153439152 0.031547619047619074 0.0429563492063492
0 0.84375 0.983449074074074 0.01746031746031752 0.03310185185185182
0 0.8122519841269841 0.9221230158730159 0.11557539682539683 0.020899470899470838
