1 0.5603339947089947 0.5090277777777779 0.009556878306878337 0.022552910052910068 0.5568783068783069 0.5092592592592593
1 0.7138723544973545 0.39479166666666665 0.0915013227513227 0.07628968253968256 0.685681216931217 0.39325396825396824
1 0.8669808201058201 0.810515873015873 0.05777116402116396 0.06448412698412699 0.8435185185185186 0.8119378306878308
1 0.0945271164021164 0.5562334656084656 0.09070767195767196 0.07397486772486773 0.09986772486772487 0.5582010582010583
1 0.19409722222222223 0.26733796296296297 0.029199735449735472 0.03595899470899471 0.18915343915343916 0.26521164021164023
1 0.4818121693121693 0.8188409391534393 0.10119047619047619 0.05372023809523819 0.466765873015873 0.8067460317460318
1 0.12867063492063494 0.6022982804232804 0.07612433862433862 0.06802248677248679 0.13558201058201058 0.6058201058201058
1 0.9308217592592594 0.759879298941799 0.018581349206349223 0.034408068783068846 0.9261243386243386 0.7552910052910053
1 0.570949074074074 0.014021164021164021 0.05076058201058201 0.028042328042328042 0.5614417989417989 0.023082010582010582
1 0.6348131613756615 0.6658482142857143 0.037516534391534406 0.05811838624338624 0.6380291005291006 0.6655753968253968
1 0.3007853835978836 0.6466848544973545 0.11694775132275136 0.11271494708994706 0.2953042328042328 0.6395502645502645
1 0.6183201058201058 0.10297619047619049 0.10337301587301584 0.12314814814814816 0.5887566137566138 0.14755291005291005
1 0.8120866402116402 0.7338624338624338 0.12681878306878308 0.1460978835978836 0.7600859788359788 0.7191468253968253
1 0.8413773148148147 0.9172304894179893 0.02187500000000003 0.02790674603174599 0.8379629629629629 0.9133597883597884
1 0.3475810185185185 0.396916335978836 0.09743055555555559 0.0918816137566138 0.3386243386243386 0.41369047619047616
1 0.7725033068783069 0.027281746031746032 0.0619378306878306 0.054563492063492064 0.7630621693121693 0.04189814814814815
1 0.6847139550264549 0.1418915343915344 0.04379960317460326 0.06059523809523812 0.683234126984127 0.13700396825396827
1 0.355462962962963 0.3070188492063492 0.0334126984126984 0.03007605820105818 0.3568121693121693 0.31547619047619047
1 0.5251322751322751 0.34726686507936505 0.02546296296296296 0.01637896825396832 0.5264550264550265 0.35085978835978837
1 0.4799107142857143 0.700150462962963 0.07258597883597884 0.09196097883597888 0.45836640211640206 0.6778108465608464
0 0.9317956349206349 0.09384920634920635 0.13640873015873015 0.07096560846560847
0 0.07425595238095238 0.3390128968253968 0.14851190476190476 0.052860449735449705
0 0.6569113756613757 0.9757159391534391 0.028108465608465607 0.048568121693121656
0 0.8841600529100528 0.8543154761904761 0.13379629629629627 0.0555224867724868
0 0.2652281746031746 0.7902281746031745 0.052149470899470876 0.04460978835978839
0 0.5051901455026455 0.5323462301587302 0.13287367724867724 0.02492394179894176
0 0.021215277777777777 0.9266286375661376 0.042430555555555555 0.03563161375661376
0 0.7323247354497355 0.5159887566137565 0.13726851851851848 0.05876322751322753
0 0.5125826719576719 0.7843088624338624 0.04269179894179891 0.04546957671957672
0 0.24961970899470898 0.1312748015873016 0.02873677248677248 0.020982142857142852
0 0.8987169312169313 0.973275462962963 0.05236772486772491 0.05344907407407411
0 0.8690641534391536 0.1552579365079365 0.07172619047619051 0.022817460317460316
0 0.43406084656084654 0.8557374338624338 0.06355820105820108 0.19791666666666666
0 0.26883267195767196 0.12237103174603176 0.10459656084656087 0.058498677248677244
0 0.9069940476190477 0.8455357142857143 0.09414682539682534 0.052248677248677246
0 0.2863260582010582 0.7992559523809524 0.054332010582010565 0.07172619047619051
