1 0.19125330687830688 0.9668981481481482 0.12027116402116404 0.06587301587301582 0.21263227513227514 0.9894179894179894
1 0.6284722222222222 0.3790839947089947 0.3591931216931216 0.4625330687830688 0.6554232804232805 0.33201058201058203
1 0.7567791005291006 0.6403108465608466 0.4834656084656085 0.3398148148148148 0.8305886243386242 0.622255291005291
1 0.7695767195767195 0.3662863756613757 0.09708994708994706 0.05281084656084658
1 0.04158399470899471 0.9440145502645502 0.05539021164021164 0.08862433862433862
1 0.6562169312169311 0.5290178571428571 0.13214285714285712 0.10704365079365073 0.7705026455026455 0.3644179894179894
1 0.5607638888888888 0.6742559523809524 0.049371693121693185 0.10360449735449734
1 0.7507936507936508 0.5865410052910053 0.04338624338624333 0.16051587301587306 0.5631613756613757 0.6726190476190477
1 0.30044808201058204 0.07629629629629629 0.029130291005291017 0.02723544973544973 0.3065410052910053 0.0756415343915344
1 0.7960648148148148 0.9343253968253967 0.036243386243386216 0.042791005291005324 0.7873346560846561 0.9325066137566138
1 0.13797949735449735 0.7127149470899471 0.2759589947089947 0.15605158730158725 0.011177248677248676 0.7271825396825397
1 0.2286706349206349 0.6249007936507937 0.24503968253968253 0.53260582010582 0.26587301587301587 0.6064814814814815
1 0.5241402116402116 0.840922619047619 0.02949735449735444 0.03058862433862434 0.5257043650793651 0.837989417989418
1 0.9533068783068783 0.30497685185185186 0.04543650793650797 0.044874338624338636 0.9441137566137566 0.310515873015873
1 0.8639550264550264 0.7898644179894181 0.037962962962963025 0.03296957671957681 0.8607804232804233 0.7919973544973545
1 0.8763227513227513 0.6704695767195767 0.017394179894180014 0.019708994708994756 0.8802910052910053 0.6693121693121693
1 0.85801917989418 0.9115906084656085 0.05810185185185179 0.05644841269841264 0.861441798941799 0.9123677248677249
1 0.9625661375661376 0.6522156084656084 0.0748677248677249 0.06904761904761895 0.9606481481481481 0.6415343915343915
1 0.8155191798941799 0.3502066798941799 0.05562169312169306 0.10978505291005292 0.7985218253968254 0.36656415343915344
1 0.14018683862433862 0.5365790343915344 0.01656415343915345 0.013528439153439105 0.14184193121693123 0.5353373015873015
1 0.005031415343915344 0.07385085978835979 0.010062830687830688 0.012648809523809524 0.005935846560846561 0.07658068783068783
0 0.26877810846560846 0.45369874338624344 0.027536375661375654 0.007113095238095235
0 0.1775793650793651 0.6018187830687831 0.027380952380952367 0.029629629629629676
0 0.19396494708994708 0.4826388888888889 0.07384259259259261 0.008796296296296266
0 0.0738425925925926 0.9157738095238096 0.06501322751322752 0.07023809523809527
0 0.04818121693121693 0.9040674603174603 0.09636243386243386 0.08141534391534386
0 0.44312169312169314 0.32491732804232804 0.016203703703703703 0.036342592592592586
0 0.6906580687830688 0.9426421957671959 0.06054894179894177 0.02628968253968254
0 0.20004960317460319 0.5126653439153439 0.0706679894179894 0.018518518518518517
