1 0.026240079365079362 0.27314814814814814 0.052480158730158724 0.12189153439153436
1 0.13187996031746033 0.19038194444444442 0.030089285714285718 0.04965939153439152 0.1330026455026455 0.19451058201058202
1 0.2759259259259259 0.9726025132275131 0.010317460317460333 0.048908730158730186 0.2744378306878307 0.9724537037037037
1 0.9804398148148149 0.2669146825396826 0.010284391534391504 0.02450396825396826 0.9796626984126984 0.26514550264550263
1 0.8511011904761905 0.1922354497354497 0.29779761904761903 0.25277777777777777 0.9351521164021165 0.17156084656084655
1 0.5397156084656084 0.1136574074074074 0.07447089947089948 0.0822089947089947
1 0.5561507936507937 0.004728835978835979 0.017394179894179865 0.009457671957671958 0.5231481481481481 0.1207010582010582
1 0.20228174603174603 0.12876984126984126 0.061044973544973555 0.0761904761904762 0.20578703703703702 0.12771164021164022
1 0.7863425925925926 0.8371197089947089 0.025793650793650792 0.04236111111111108 0.7789021164021165 0.8359457671957672
1 0.5208333333333334 0.9277943121693121 0.15879629629629624 0.13363095238095235
1 0.7187334656084655 0.762202380952381 0.05935846560846561 0.0409391534391535
1 0.9914517195767196 0.9351686507936507 0.017096560846560787 0.03905423280423277 0.7033399470899471 0.7560846560846561
1 0.1271825396825397 0.29290674603174605 0.1146164021164021 0.11299603174603172
1 0.9809358465608465 0.6461640211640212 0.03812830687830694 0.07599206349206356 0.11398809523809524 0.29808201058201056
1 0.1508597883597884 0.5767526455026455 0.12162698412698413 0.21924603174603174 0.19933862433862432 0.5784556878306878
1 0.8436011904761905 0.04674272486772488 0.0296626984126985 0.04930555555555556 0.8425264550264551 0.0480489417989418
1 0.08737433862433862 0.13082671957671957 0.029629629629629627 0.04272486772486774 0.09371693121693121 0.14093915343915345
1 0.8413690476190476 0.1273313492063492 0.031746031746031744 0.03587962962962963 0.8369708994708994 0.12701719576719578
1 0.31117724867724866 0.8858465608465609 0.06785714285714284 0.07123015873015875 0.307010582010582 0.8871362433862433
1 0.6557374338624339 0.3221560846560847 0.10042989417989427 0.07453703703703707 0.6557208994708995 0.3337962962962963
1 0.7240740740740741 0.5852017195767196 0.09960317460317454 0.06630291005291006
1 0.9938988095238096 0.8007440476190476 0.012202380952380982 0.06233465608465608 0.7037367724867725 0.5883267195767196
1 0.08835978835978836 0.8330026455026455 0.15641534391534392 0.10575396825396831 0.083994708994709 0.8253968253968254
1 0.8811342592592594 0.4403769841269841 0.09725529100529097 0.09788359788359788 0.84619708994709 0.4374338624338624
0 0.10302579365079366 0.27599206349206346 0.08462301587301588 0.03988095238095239
0 0.7624173280423281 0.97255291005291 0.029993386243386332 0.05489417989417989
0 0.7940310846560847 0.30181878306878307 0.06332671957671958 0.049404761904761896
0 0.30257936507936506 0.1005787037037037 0.10740740740740742 0.041832010582010574
0 0.5699404761904762 0.9465608465608466 0.0710317460317461 0.10687830687830682
0 0.012764550264550265 0.2914186507936508 0.02552910052910053 0.022784391534391563
0 0.41598875661375656 0.9625661375661376 0.03878968253968253 0.0748677248677249
