1 0.06406746031746031 0.32610119047619046 0.053657407407407404 0.014794973544973548 0.0889318783068783 0.33150793650793653
1 0.9513210978835979 0.9488062169312169 0.040876322751322795 0.03419973544973547 0.9408068783068783 0.9497354497354498
1 0.6068121693121693 0.013955026455026456 0.07605820105820106 0.027910052910052913 0.5891203703703703 0.01937830687830688
1 0.7890873015873016 0.11446759259259258 0.009656084656084746 0.020800264550264562 0.7885251322751323 0.11534391534391535
1 0.8930390211640212 0.32885251322751324 0.035085978835978804 0.0648478835978836 0.8782407407407408 0.3398478835978836
1 0.6568683862433862 0.34414186507936506 0.0614219576719576 0.05516865079365077 0.6587301587301587 0.3558201058201058
1 0.08816137566137566 0.17946428571428574 0.03624338624338623 0.057407407407407414 0.105489417989418 0.1908068783068783
1 0.014930555555555555 0.5818121693121694 0.02986111111111111 0.0724867724867725 0.013888888888888888 0.5687830687830688
1 0.841784060846561 0.8018832671957672 0.06239748677248679 0.05747685185185199 0.8153108465608465 0.7758267195767196
1 0.7614236111111111 0.24015046296296297 0.03694113756613758 0.024150132275132265 0.7585978835978836 0.23346560846560846
1 0.7436177248677248 0.7700727513227512 0.028439153439153438 0.04160052910052901 0.7417328042328042 0.7665343915343915
1 0.12211805555555555 0.20600198412698414 0.0470138888888889 0.05796957671957674 0.13392857142857142 0.20899470899470898
1 0.602116402116402 0.8026455026455026 0.06064814814814818 0.04543650793650797 0.5958994708994709 0.7999338624338624
1 0.4686011904761905 0.037979497354497356 0.020337301587301588 0.017956349206349205 0.4675925925925926 0.037698412698412696
1 0.4575396825396825 0.05024801587301587 0.031613756613756656 0.014384920634920634 0.45866402116402116 0.05291005291005291
1 0.4235648148148148 0.17871527777777776 0.06481481481481481 0.0670403439153439 0.4255952380952381 0.18287037037037038
1 0.1927496693121693 0.8166583994708995 0.06433531746031744 0.09045965608465599 0.20932539682539683 0.7890211640211641
1 0.5817129629629629 0.760813492063492 0.0482142857142857 0.03710317460317469 0.5830026455026455 0.7658730158730159
1 0.466332671957672 0.6354695767195767 0.0493452380952381 0.06252645502645508 0.4646164021164021 0.6355820105820106
1 0.6354497354497354 0.8770998677248677 0.04834656084656086 0.08422619047619041 0.6249669312169313 0.850462962962963
1 0.521536044973545 0.9677910052910053 0.042311507936507876 0.06441798941798947 0.521957671957672 0.9632936507936508
1 0.11771990740740741 0.7876934523809522 0.06678902116402118 0.06647817460317466 0.1341931216931217 0.7699074074074074
1 0.11965939153439155 0.718452380952381 0.054265873015873003 0.07896825396825403
1 0.008941798941798942 0.314103835978836 0.017883597883597883 0.009160052910052926 0.13495370370370371 0.7023809523809523
1 0.5767195767195767 0.6509920634920635 0.05357142857142857 0.08723544973544972 0.559292328042328 0.6381283068783069
1 0.5506944444444444 0.6242559523809523 0.05674603174603172 0.05539021164021164 0.5535714285714286 0.6200396825396826
1 0.6333217592592593 0.40767361111111106 0.07133928571428572 0.0697718253968254 0.6193783068783069 0.416005291005291
1 0.213885582010582 0.7057374338624339 0.07136904761904764 0.05479497354497349 0.22023809523809523 0.7037037037037037
1 0.7302628968253968 0.5779150132275133 0.06282076719576728 0.07157076719576715 0.7159391534391535 0.5826719576719577
1 0.9576554232804232 0.4571097883597883 0.07992724867724876 0.08055555555555552 0.9226190476190477 0.4626322751322751
1 0.6941798941798941 0.06243551587301587 0.012433862433862403 0.016663359788359783 0.6938161375661376 0.06716269841269841
1 0.5400115740740741 0.8488756613756614 0.243912037037037 0.2328042328042328 0.5267857142857143 0.8151455026455027
1 0.061689814814814815 0.4623015873015873 0.0316468253968254 0.061507936507936505 0.07043650793650794 0.4699074074074074
1 0.5570436507936508 0.17367559523809525 0.023544973544973483 0.04794642857142859 0.5625 0.18055555555555555
1 0.8732589285714286 0.1119973544973545 0.022265211640211616 0.03202380952380954 0.8699404761904761 0.11048280423280424
1 0.7593022486772487 0.5993468915343915 0.017638888888888937 0.012318121693121693 0.7593253968253968 0.6015211640211641
1 0.9460482804232804 0.009011243386243387 0.0473875661375662 0.018022486772486773 0.9396825396825397 0.00376984126984127
1 0.014249338624338626 0.2714831349206349 0.028498677248677252 0.032496693121693114 0.000992063492063492 0.2681878306878307
1 0.989781746031746 0.7178075396825397 0.020436507936507996 0.04553571428571423 0.9932771164021165 0.7100066137566138
1 0.428478835978836 0.6884457671957672 0.07605820105820106 0.10813492063492071 0.41964285714285715 0.6703042328042328
1 0.8068039021164022 0.9899305555555556 0.022900132275132275 0.020138888888888918 0.7963955026455027 0.9820767195767196
1 0.848761574074074 0.2925975529100529 0.03112103174603179 0.05655753968253971 0.8358796296296296 0.29735449735449737
1 0.649156746031746 0.9874007936507937 0.03700396825396828 0.025198412698412637 0.6412367724867725 0.9915674603174603
1 0.5406084656084655 0.8366567460317461 0.15257936507936512 0.26339285714285715 0.4923941798941799 0.8151455026455027
1 0.19857804232804233 0.4962301587301587 0.09113756613756613 0.032407407407407406 0.20436507936507936 0.4914021164021164
1 0.5321048280423281 0.1882986111111111 0.007662037037037061 0.026114417989418 0.5330059523809524 0.18954365079365076
1 0.07053075396825395 0.3543650793650793 0.0899371693121693 0.07599206349206347 0.06878306878306878 0.36078042328042326
1 0.4853174603174603 0.11264880952380951 0.03915343915343911 0.029001322751322747 0.4797619047619047 0.11550925925925927
1 0.631780753968254 0.041322751322751324 0.033726851851851855 0.014841269841269844 0.626223544973545 0.046957671957671955
1 0.6318320105820107 0.31722222222222224 0.045965608465608467 0.03306878306878307 0.6216931216931217 0.32242063492063494
1 0.023854166666666662 0.24471891534391532 0.027423941798941795 0.024517195767195764 0.023478835978835978 0.24074074074074073
1 0.7465691137566137 0.22354662698412697 0.023032407407407286 0.020611772486772463 0.746031746031746 0.2261904761904762
1 0.2279265873015873 0.4898429232804232 0.0822420634920635 0.04926256613756615 0.22255291005291006 0.48677248677248675
1 0.3232903439153439 0.6324107142857143 0.04839285714285711 0.04020502645502651
1 0.9846709656084656 0.23356646825396823 0.030658068783068794 0.02149140211640212
1 0.02101521164021164 0.11281415343915344 0.04203042328042328 0.06557539682539683 0.32506613756613756 0.6309523809523809
1 0.5816633597883598 0.6880621693121692 0.043617724867724895 0.040211640211640184 0.5796957671957672 0.6917989417989417
1 0.7590542328042328 0.9230853174603174 0.034722222222222224 0.06977513227513228 0.7523148148148148 0.9077380952380952
1 0.17604166666666668 0.052281746031746026 0.04950396825396827 0.06785714285714285 0.18425925925925926 0.05198412698412698
1 0.23511904761904762 0.03015873015873016 0.05291005291005291 0.06031746031746032 0.2238095238095238 0.04520502645502645
1 0.9838955026455027 0.5213458994708995 0.03062169312169309 0.03091931216931217 0.9760251322751323 0.5194113756613756
1 0.735180224867725 0.9284275793650794 0.035307539682539676 0.04592261904761901 0.7371031746031746 0.9249338624338624
1 0.4762152777777777 0.1758482142857143 0.017873677248677233 0.048786375661375656 0.4777116402116402 0.18687169312169313
1 0.5243551587301588 0.4579365079365079 0.02291666666666665 0.03425925925925923 0.522255291005291 0.4615079365079365
1 0.1593584656084656 0.22560681216931217 0.026124338624338623 0.04971230158730156 0.16600529100529102 0.23115079365079366
1 0.1568617724867725 0.7554232804232803 0.03396164021164023 0.03849206349206352 0.1517261904761905 0.7583234126984127
1 0.5690972222222221 0.10317460317460317 0.10095899470899469 0.04662698412698413 0.5588624338624338 0.11375661375661375
1 0.8174603174603174 0.19178240740740743 0.05436507936507924 0.07093253968253971 0.7939484126984128 0.19993386243386244
1 0.6480489417989418 0.13951388888888888 0.033531746031746065 0.04133597883597884 0.6507936507936508 0.14252645502645503
1 0.381845238095238 0.9007936507936508 0.032010582010581996 0.1261243386243385 0.3962962962962963 0.8393849206349207
1 0.3873181216931217 0.3588458994708995 0.04765211640211637 0.019940476190476175 0.3845238095238095 0.3613425925925926
1 0.8933531746031746 0.3660548941798942 0.06415343915343916 0.06246693121693125 0.8640542328042329 0.36712962962962964
1 0.17888227513227514 0.7484887566137566 0.018359788359788392 0.01984126984126984 0.1855489417989418 0.7455357142857143
1 0.8070072751322752 0.3409556878306878 0.05199074074074068 0.08574735449735452 0.782771164021164 0.33736772486772487
1 0.3055555555555556 0.7157407407407408 0.05357142857142857 0.0647486772486773 0.30423280423280424 0.7162698412698413
1 0.4146031746031746 0.6203075396825397 0.05357142857142857 0.041666666666666664 0.414021164021164 0.623015873015873
1 0.3928918650793651 0.284510582010582 0.035181878306878266 0.05472222222222223 0.39384920634920634 0.29894179894179895
1 0.2793154761904762 0.24998346560846563 0.05003306878306877 0.0510251322751323 0.28174603174603174 0.25562169312169314
1 0.6879067460317461 0.36083664021164025 0.035496031746031796 0.08285052910052913 0.6772486772486772 0.36772486772486773
1 0.2628968253968254 0.7430555555555556 0.041005291005291 0.026455026455026454 0.2671957671957672 0.7440476190476191
1 0.7869411375661376 0.8776405423280422 0.010284391534391655 0.019970238095238055 0.7870304232804233 0.8755224867724868
1 0.46350694444444446 0.6547189153439154 0.07073743386243382 0.01168650793650791 0.4933994708994709 0.6513657407407407
1 0.9917063492063493 0.45893518518518517 0.01658730158730154 0.027136243386243368 0.9871329365079365 0.44865079365079363
1 0.7578373015873016 0.758723544973545 0.02545634920634921 0.03900793650793652
1 0.8720469576719576 0.9973594576719578 0.027003968253968356 0.0052810846560845896 0.7525826719576719 0.7558101851851853
1 0.3975512566137567 0.8678472222222222 0.05672288359788359 0.038611111111111186
1 0.6738161375661376 0.21731812169312167 0.028439153439153438 0.034722222222222224 0.6709656084656085 0.2218915343915344
1 0.23247354497354497 0.7599206349206349 0.04728835978835979 0.06977513227513228 0.23644179894179895 0.7602513227513228
1 0.028108465608465607 0.025793650793650792 0.056216931216931214 0.051587301587301584 0.034722222222222224 0.03306878306878307
1 0.2156084656084656 0.9348544973544973 0.0710978835978836 0.08994708994708994 0.21914682539682542 0.9003306878306878
1 0.2643452380952381 0.9796726190476192 0.02976190476190476 0.03968253968253968 0.26805555555555555 0.9748346560846561
1 0.724047619047619 0.14282407407407408 0.01984126984126984 0.034722222222222224 0.7199074074074074 0.15674603174603174
1 0.010555555555555556 0.5230787037037037 0.01984126984126984 0.02976190476190476
1 0.9854265873015874 0.539333664021164 0.028624338624338608 0.03379298941798944 0.9822453703703704 0.529593253968254
1 0.8490575396825397 0.7722552910052911 0.017228835978835948 0.045304232804232805 0.8426256613756613 0.7659060846560847
1 0.7228835978835979 0.44856150793650795 0.06613756613756613 0.10380291005291008 0.7116402116402116 0.4593253968253968
1 0.7733796296296296 0.03498677248677248 0.022354497354497325 0.058399470899470896 0.7761574074074074 0.04927248677248677
1 0.05343088624338624 0.29729001322751325 0.04293981481481481 0.006154100529100496 0.0735681216931217 0.29678902116402117
0 0.8493716931216931 0.33988095238095234 0.034325396825396884 0.082010582010582
0 0.8428902116402117 0.17878637566137565 0.05879629629629635 0.044940476190476204
0 0.5517857142857142 0.25117394179894176 0.04345238095238091 0.03581349206349209
0 0.7955853174603175 0.7441137566137566 0.04513888888888889 0.05886243386243386
0 0.7644345238095238 0.4039682539682539 0.03416005291005297 0.054629629629629646
0 0.38019510582010585 0.5836755952380952 0.03347222222222223 0.016180555555555576
0 0.8088673941798943 0.458764880952381 0.03868055555555549 0.018918650793650807
0 0.9752480158730159 0.2035383597883598 0.049503968253968196 0.08240740740740743
0 0.3425429894179894 0.7878637566137566 0.05479497354497356 0.050595238095238096
0 0.49887566137566136 0.5252314814814815 0.023941798941798896 0.02513227513227513
0 0.9730505952380952 0.5460003306878307 0.01679563492063491 0.019837962962962967
0 0.7799718915343916 0.07731316137566137 0.012371031746031848 0.023131613756613753
0 0.5799239417989418 0.6109738756613756 0.023075396825396815 0.03453373015873018
