1 0.682093253968254 0.8156746031746032 0.03759920634920636 0.04933862433862428 0.6693783068783069 0.8101851851851852
1 0.732541335978836 0.3929712301587301 0.033257275132275034 0.06466600529100527 0.7319973544973545 0.39715608465608465
1 0.7175248015873016 0.3796461640211641 0.027893518518518488 0.005707671957671955 0.7161673280423281 0.3813227513227513
1 0.6617542989417989 0.5769378306878307 0.004322089947090001 0.004761904761904716 0.6621693121693122 0.5766964285714286
1 0.7223875661375662 0.4118386243386244 0.041798941798941676 0.06474867724867724 0.7156084656084656 0.419973544973545
1 0.20413359788359786 0.8151124338624339 0.05886243386243386 0.06818783068783063 0.2093584656084656 0.8135251322751322
1 0.7915343915343915 0.8398478835978835 0.01779100529100535 0.034126984126984214 0.7845238095238095 0.8346560846560847
1 0.22453373015873015 0.8027331349206349 0.0321957671957672 0.009857804232804215
1 0.17724867724867724 0.9500000000000001 0.03392857142857142 0.016732804232804203 0.17625661375661375 0.9507275132275133
1 0.8401951058201058 0.47382605820105816 0.019742063492063432 0.030191798941798926 0.8382936507936508 0.47685185185185186
1 0.4918650793650794 0.04072420634920635 0.027645502645502692 0.03581349206349207 0.4923941798941799 0.04431216931216931
1 0.8336474867724867 0.375545634920635 0.036011904761904794 0.01762566137566136 0.8277116402116402 0.3759920634920635
1 0.1410383597883598 0.9936507936507937 0.017460317460317447 0.012698412698412728 0.14087301587301587 0.9957010582010583
1 0.7265542328042329 0.5690145502645503 0.048082010582010615 0.06329365079365082 0.7242063492063492 0.5724206349206349
1 0.7034887566137568 0.80625 0.022453703703703733 0.03273809523809524 0.6962301587301588 0.8055555555555556
1 0.919212962962963 0.687417328042328 0.018849206349206348 0.04050925925925926 0.9111111111111111 0.6926587301587301
1 0.7139880952380953 0.13667328042328042 0.03710317460317454 0.04603174603174603 0.7129629629629629 0.13822751322751323
1 0.9737764550264549 0.015674603174603174 0.052447089947089916 0.03134920634920635 0.9502645502645503 0.029232804232804235
1 0.5387400793650794 0.007341269841269841 0.01729497354497353 0.014682539682539682 0.5386904761904762 0.009259259259259259
1 0.4510747354497354 0.012499999999999999 0.044014550264550235 0.024999999999999998 0.44953703703703707 0.003501984126984127
1 0.01678240740740741 0.3755125661375661 0.03356481481481482 0.019146825396825426 0.005939153439153439 0.3792328042328042
1 0.6910383597883597 0.6926917989417989 0.029894179894179924 0.023346560846560817 0.6901455026455027 0.6921296296296297
1 0.5282242063492063 0.011673280423280422 0.017361111111111112 0.0060185185185185185 0.5284391534391535 0.012896825396825396
1 0.334755291005291 0.17081679894179894 0.034788359788359806 0.025760582010582005 0.32605820105820105 0.1712962962962963
1 0.5238921957671958 0.3192956349206349 0.10962301587301587 0.10254629629629626 0.5145502645502645 0.3412698412698413
0 0.2993220899470899 0.9814980158730159 0.021263227513227498 0.03700396825396828
0 0.580026455026455 0.9383597883597883 0.04603174603174597 0.003373015873015813
0 0.22374338624338624 0.34760251322751323 0.07546296296296298 0.030853174603174587
0 0.6866732804232805 0.7245701058201058 0.04940476190476186 0.01712962962962969
0 0.8455357142857143 0.14737103174603175 0.012235449735449735 0.01980820105820107
0 0.5041666666666667 0.6005291005291006 0.06858465608465604 0.018187830687830687
0 0.2245535714285714 0.9674603174603175 0.0691468253968254 0.020767195767195826
0 0.4484308862433863 0.01236441798941799 0.004890873015873004 0.02472883597883598
0 0.20471891534391531 0.4233796296296296 0.05771164021164024 0.032929894179894156
0 0.27820767195767193 0.9354265873015873 0.014398148148148174 0.013406084656084644
0 0.05848544973544974 0.9480059523809524 0.008875661375661377 0.015462962962963036
0 0.995203373015873 0.0830869708994709 0.00959325396825404 0.009077380952380958
0 0.8571593915343916 0.3025628306878307 0.03230820105820115 0.019014550264550265
0 0.9700892857142858 0.6082837301587302 0.041964285714285746 0.036673280423280455
0 0.4727513227513227 0.492906746031746 0.029629629629629676 0.05539021164021164
0 0.15479497354497354 0.6639880952380953 0.07962962962962963 0.039417989417989435
0 0.7860449735449735 0.4394345238095238 0.08498677248677249 0.024239417989417974
0 0.16655092592592594 0.405734126984127 0.041369047619047625 0.04263227513227515
0 0.15591931216931218 0.6175595238095238 0.049338624338624355 0.010449735449735419
0 0.7066798941798942 0.8766534391534392 0.026124338624338623 0.08664021164021164
0 0.6817460317460318 0.6473544973544973 0.045899470899470884 0.05707671957671962
0 0.3374007936507936 0.15148809523809526 0.032605820105820076 0.09060846560846561
0 0.37524801587301587 0.2003968253968254 0.01789021164021161 0.030753968253968252
0 0.6353339947089947 0.619890873015873 0.0360780423280423 0.036408730158730127
0 0.20887896825396823 0.614103835978836 0.020932539682539667 0.0441468253968254
0 0.2320271164021164 0.8007440476190476 0.015443121693121708 0.056779100529100617
0 0.05651455026455027 0.9132936507936509 0.022486772486772486 0.013888888888888888
0 0.44267526455026457 0.551603835978836 0.006911375661375617 0.046593915343915375
0 0.46337632275132273 0.6512566137566138 0.030125661375661347 0.04794973544973545
0 0.8681712962962963 0.17815806878306878 0.07582671957671963 0.03290343915343916
0 0.9529431216931217 0.5275628306878306 0.022156084656084655 0.027810846560846605
0 0.6004298941798941 0.5345403439153439 0.018121693121693108 0.023048941798941815
0 0.4619047619047619 0.5678736772486772 0.02433862433862431 0.06696428571428571
0 0.25858134920634923 0.9577215608465609 0.04732142857142858 0.08455687830687825
0 0.09303902116402117 0.6350694444444445 0.06802248677248676 0.05505952380952381
0 0.8792162698412699 0.15851521164021162 0.028604497354497355 0.04758597883597883
0 0.7511243386243385 0.9399801587301587 0.03128306878306875 0.06395502645502633
0 0.6941964285714286 0.4649636243386244 0.04672619047619054 0.043419312169312156
0 0.7311673280423281 0.8851355820105821 0.04322089947089956 0.018353174603174604
0 0.18078703703703705 0.6100694444444444 0.019378306878306887 0.04011243386243385
0 0.8928571428571429 0.49194775132275137 0.03869047619047619 0.037466931216931204
0 0.009540343915343915 0.7367890211640212 0.01908068783068783 0.01789021164021161
0 0.05419973544973545 0.053323412698412696 0.04623015873015873 0.09890873015873017
