1 0.03439153439153439 0.20641534391534394 0.05919312169312169 0.05813492063492066 0.04298941798941799 0.21031746031746032
1 0.03670634920634921 0.8945271164021165 0.07341269841269842 0.09057539682539685 0.061507936507936505 0.8974867724867724
1 0.08548280423280423 0.7482638888888888 0.04828042328042328 0.029927248677248677 0.08366402116402116 0.7514550264550265
1 0.5585648148148148 0.35876322751322753 0.05992063492063494 0.038756613756613774 0.5581679894179894 0.3592261904761905
1 0.02954695767195767 0.7966269841269841 0.03197751322751322 0.023148148148148147 0.027447089947089946 0.8012566137566137
1 0.5268981481481482 0.7375727513227514 0.04144179894179892 0.06791005291005295 0.5261243386243386 0.7215608465608465
1 0.5515873015873016 0.7645998677248678 0.06990740740740743 0.08574735449735456 0.5439814814814815 0.771494708994709
1 0.9148214285714286 0.4101868386243387 0.04892857142857144 0.05489087301587302 0.8952711640211641 0.4242063492063492
1 0.7182208994708995 0.3511243386243386 0.044246031746031804 0.05052910052910055 0.7127645502645503 0.3679232804232804
1 0.017278439153439153 0.23442460317460317 0.03455687830687831 0.04735449735449737 0.023478835978835978 0.23875661375661375
1 0.7964666005291005 0.7712500000000001 0.02393187830687827 0.04355820105820099 0.7923280423280423 0.7671957671957672
1 0.5433234126984127 0.1979728835978836 0.022486772486772486 0.04662698412698413 0.5430886243386244 0.20737433862433863
1 0.01312830687830688 0.8150462962962962 0.02625661375661376 0.04675925925925929 0.01025132275132275 0.8151455026455027
1 0.11202711640211639 0.9855489417989418 0.04267857142857143 0.028902116402116432 0.11474867724867725 0.9877645502645502
1 0.7257506613756614 0.6231746031746032 0.03373015873015873 0.0248015873015873 0.7235449735449735 0.6236772486772487
1 0.6206845238095238 0.8031861772486772 0.06716269841269838 0.04739748677248675 0.6144907407407407 0.7995634920634921
1 0.8527116402116404 0.45061011904761905 0.03756613756613754 0.04586309523809526 0.843584656084656 0.4566798941798942
1 0.07374338624338625 0.3178240740740741 0.062169312169312166 0.0740079365079365
1 0.6765376984126984 0.003935185185185186 0.014980158730158715 0.007870370370370371 0.08687169312169311 0.33462301587301585
1 0.27642195767195765 0.381630291005291 0.034126984126984145 0.07490079365079365 0.2767857142857143 0.3931878306878307
1 0.2320734126984127 0.8454761904761906 0.07738095238095238 0.0566005291005292 0.23412698412698413 0.8442460317460317
1 0.8430224867724868 0.1908730158730159 0.03511904761904771 0.03802910052910053 0.8314814814814815 0.2043320105820106
1 0.5329232804232804 0.15156746031746032 0.022486772486772486 0.03141534391534392 0.5343915343915344 0.15211640211640212
1 0.9040575396825397 0.4643683862433862 0.021845238095238077 0.0528108465608465 0.8952645502645503 0.4563260582010582
1 0.9154100529100528 0.41021825396825395 0.029695767195767105 0.013955026455026396 0.9178902116402116 0.41240079365079363
1 0.7940112433862434 0.7446924603174603 0.016739417989417953 0.02437169312169321 0.7935185185185185 0.7471230158730159
1 0.8672123015873016 0.18847552910052912 0.03700396825396828 0.02377645502645502 0.8736772486772487 0.1960978835978836
1 0.8478835978835979 0.6672453703703703 0.023478835978835978 0.03091931216931217 0.8518518518518519 0.6673280423280423
1 0.06375330687830688 0.6223941798941799 0.07473544973544974 0.0530555555555555 0.08002645502645503 0.6223544973544973
1 0.3266203703703704 0.4818948412698413 0.03425925925925927 0.05724206349206346 0.33346560846560847 0.49933862433862436
1 0.8093419312169312 0.7151620370370371 0.05155423280423283 0.07020502645502652 0.8052248677248677 0.7132936507936508
1 0.8140707671957672 0.032820767195767195 0.03296957671957666 0.06564153439153439 0.7987103174603175 0.015112433862433864
1 0.7104828042328042 0.26071428571428573 0.01660052910052904 0.04259259259259258 0.708994708994709 0.26686507936507936
1 0.13368055555555555 0.5407903439153439 0.036871693121693125 0.03528439153439155 0.13822751322751323 0.5324074074074074
1 0.9620205026455027 0.38392857142857145 0.07450396825396831 0.0882936507936508 0.9270833333333334 0.40062830687830686
1 0.4380787037037037 0.28348214285714285 0.05340608465608466 0.07589285714285714 0.44113756613756616 0.3002645502645503
1 0.19322089947089946 0.10145502645502646 0.08154761904761905 0.06335978835978837 0.20932539682539683 0.12946428571428573
1 0.31655092592592593 0.9187665343915343 0.18647486772486777 0.1624669312169313 0.27128968253968255 0.925757275132275
1 0.2637731481481481 0.4484457671957672 0.08541666666666665 0.0939814814814815 0.26355820105820105 0.4599867724867725
1 0.5549173280423281 0.8547949735449735 0.07054894179894178 0.04708994708994712 0.544510582010582 0.8444113756613757
1 0.09191468253968256 0.47657076719576724 0.10849867724867726 0.06015211640211636 0.082010582010582 0.47784391534391535
1 0.837037037037037 0.781795634920635 0.06693121693121697 0.08085317460317461 0.8159160052910053 0.7613128306878307
1 0.7246660052910054 0.9392195767195767 0.07545634920634915 0.03419312169312173 0.7104166666666667 0.9263888888888889
1 0.11701388888888889 0.6332671957671958 0.056117724867724865 0.09292328042328042
1 0.009904100529100528 0.1896825396825397 0.019808201058201056 0.010515873015873001
1 0.9909556878306879 0.7226868386243386 0.010482804232804172 0.018713624338624238
1 0.11552579365079366 0.013227513227513227 0.040773809523809525 0.026455026455026454
1 0.07590939153439154 0.01273148148148148 0.01021825396825397 0.02546296296296296 0.11412037037037037 0.6243386243386243
1 0.5795304232804233 0.5463789682539683 0.05694444444444438 0.04348544973544974
1 0.9947470238095237 0.13197916666666668 0.010505952380952375 0.010624999999999999 0.5775892857142858 0.5504530423280423
1 0.007336309523809524 0.8836805555555556 0.014672619047619047 0.017751322751322848 0.003343253968253968 0.8874900793650794
1 0.5295072751322751 0.12217427248677248 0.059854497354497355 0.03633928571428571 0.5188161375661376 0.13303571428571428
1 0.8695849867724867 0.6169494047619049 0.029447751322751382 0.011736111111111114 0.8815476190476191 0.6202843915343915
1 0.9345651455026455 0.3438624338624338 0.014057539682539755 0.007592592592592605 0.9307804232804232 0.34627645502645504
1 0.9874818121693122 0.21606977513227513 0.025036375661375673 0.04034060846560847 0.9922089947089947 0.22273148148148147
1 0.8508878968253968 0.7647949735449735 0.04122023809523798 0.06769841269841263 0.8376322751322751 0.7557870370370371
1 0.7621296296296297 0.6646974206349207 0.010753968253968248 0.013349867724867764 0.7608002645502645 0.6632076719576719
1 0.2560863095238095 0.8741352513227514 0.03849537037037036 0.012311507936507942 0.25462962962962965 0.8716931216931217
1 0.409375 0.42126322751322753 0.061144179894179924 0.08227513227513227 0.4103835978835979 0.43386243386243384
1 0.4651951058201058 0.4441468253968254 0.05453042328042331 0.08505291005291007 0.45859788359788356 0.448776455026455
1 0.4975033068783069 0.49231150793650796 0.05195105820105817 0.05036375661375667 0.48048941798941797 0.49603174603174605
1 0.528587962962963 0.022486772486772486 0.04861111111111111 0.04497354497354497 0.5343915343915344 0.021825396825396824
1 0.1874107142857143 0.12487599206349206 0.06117724867724868 0.06711309523809525 0.18716931216931218 0.144510582010582
1 0.5018584656084656 0.7294907407407407 0.06720899470899472 0.0528306878306879 0.5001984126984127 0.727579365079365
1 0.4398148148148148 0.4746693121693122 0.06977513227513228 0.0686507936507937 0.4534060846560846 0.49143518518518514
1 0.43597222222222226 0.9004761904761904 0.036044973544973546 0.03802910052910053 0.4373346560846561 0.9028439153439153
1 0.15259589947089947 0.773994708994709 0.017361111111111112 0.023439153439153475 0.1531084656084656 0.7728174603174603
1 0.41008928571428577 0.04237764550264551 0.06541005291005289 0.07549603174603176 0.40264550264550264 0.05949074074074074
1 0.4798280423280423 0.5585813492063493 0.02976190476190476 0.03713624338624337 0.4798280423280423 0.5575396825396826
1 0.15476190476190477 0.48523478835978834 0.03736772486772487 0.05929232804232803 0.16170634920634921 0.4933862433862434
1 0.06522817460317461 0.6960482804232804 0.05162037037037038 0.06253306878306883 0.07374338624338625 0.6755952380952381
1 0.665896164021164 0.1967989417989418 0.036044973544973546 0.06481481481481481 0.6587301587301587 0.2156084656084656
1 0.7966385582010581 0.3979960317460317 0.06768187830687833 0.07142857142857142 0.775 0.4110119047619048
1 0.5581481481481482 0.478463955026455 0.052248677248677246 0.04006283068783072 0.5549603174603175 0.47701719576719576
1 0.2156084656084656 0.4999338624338624 0.06349206349206349 0.05634920634920638 0.22255291005291006 0.5016534391534392
1 0.4420056216931217 0.7790856481481481 0.03655753968253974 0.050625000000000045 0.45105820105820105 0.7857142857142857
1 0.47238756613756616 0.7763839285714286 0.034722222222222224 0.060393518518518555 0.4775793650793651 0.780621693121693
1 0.989348544973545 0.018490410052910054 0.020958994708994746 0.03636574074074074 0.9811177248677249 0.03449074074074074
1 0.570515873015873 0.9855257936507936 0.034722222222222224 0.028948412698412685 0.5727513227513228 0.9884259259259259
1 0.9474702380952381 0.10168650793650794 0.06755952380952387 0.07797619047619048 0.9171957671957671 0.10922619047619048
1 0.9431679894179894 0.36149470899470904 0.06287037037037034 0.06035714285714289 0.9160714285714285 0.3860449735449736
1 0.1862929894179894 0.539699074074074 0.04275793650793651 0.03039021164021167 0.18857473544973544 0.5387400793650794
1 0.9017857142857143 0.3215873015873016 0.07374338624338625 0.0582010582010582 0.8775132275132275 0.33630952380952384
1 0.6176372354497355 0.7437169312169312 0.024117063492063513 0.06441798941798947 0.6135582010582011 0.7416335978835978
1 0.056845238095238095 0.2812169312169312 0.035317460317460324 0.031150793650793665 0.065244708994709 0.283531746031746
1 0.45396825396825397 0.3249371693121693 0.028439153439153438 0.026455026455026454 0.4546957671957672 0.32671957671957674
1 0.11339285714285713 0.9017526455026456 0.025330687830687818 0.04623015873015879 0.11824735449735449 0.8923048941798941
1 0.6395998677248678 0.3906911375661376 0.054332010582010565 0.07172619047619051 0.6441798941798942 0.39384920634920634
1 0.861309523809524 0.08751653439153438 0.08650793650793648 0.07199074074074073 0.8356481481481481 0.10251322751322751
1 0.49817791005291007 0.19275462962962964 0.03736772486772487 0.059854497354497355 0.49702380952380953 0.2027116402116402
1 0.15673280423280425 0.18988591269841268 0.02138888888888889 0.024990079365079382 0.15472883597883597 0.191005291005291
1 0.19809854497354495 0.0351901455026455 0.028339947089947068 0.02128637566137566 0.1974206349206349 0.03141534391534392
1 0.3716931216931217 0.5067294973544973 0.03869047619047619 0.05380291005291007 0.37003968253968256 0.5089285714285714
1 0.6010416666666667 0.02984457671957672 0.04963624338624335 0.05968915343915344 0.5900462962962962 0.04751984126984127
1 0.6411871693121693 0.028356481481481483 0.07840608465608463 0.03277116402116403 0.6353835978835979 0.038525132275132275
1 0.7987103174603175 0.18374669312169312 0.0425925925925925 0.03819444444444445 0.798478835978836 0.19130291005291006
1 0.20267030423280424 0.3109424603174603 0.052893518518518534 0.06277116402116403 0.2123015873015873 0.32605820105820105
1 0.14149636243386243 0.8901736111111112 0.05495039682539683 0.07148478835978823
1 0.14679232804232803 0.01984126984126984 0.01613756613756614 0.03968253968253968 0.14054232804232805 0.8743386243386243
1 0.8293650793650794 0.36160714285714285 0.09623015873015874 0.056878306878306875 0.7979828042328042 0.36521164021164026
1 0.8648644179894179 0.5774140211640212 0.05777116402116396 0.0419973544973545 0.8503968253968254 0.574702380952381
1 0.8982043650793651 0.5566683201058201 0.03520502645502647 0.02416335978835984 0.9000330687830688 0.5591600529100529
1 0.649920634920635 0.06823082010582011 0.01697089947089945 0.023128306878306876 0.6498015873015873 0.06977513227513228
1 0.0992063492063492 0.03736772486772487 0.010912698412698412 0.03141534391534392 0.09973544973544975 0.03921957671957672
1 0.4697767857142857 0.8158101851851852 0.08961970899470899 0.049596560846560854 0.4662698412698413 0.8108465608465608
1 0.685515873015873 0.531415343915344 0.041005291005291 0.03968253968253968 0.6818783068783069 0.529431216931217
1 0.6759259259259259 0.6613756613756614 0.05489417989417989 0.09325396825396826 0.6689814814814815 0.6550925925925926
1 0.7749255952380952 0.5365410052910053 0.08368055555555562 0.04861111111111111 0.7523148148148148 0.5413359788359788
1 0.31440806878306876 0.6463293650793651 0.0625 0.07142857142857142 0.325 0.6474537037037037
1 0.833030753968254 0.525504298941799 0.04555886243386243 0.06168981481481488 0.8257275132275133 0.5423280423280423
1 0.029927248677248677 0.01984126984126984 0.059854497354497355 0.03968253968253968 0.0455026455026455 0.1490079365079365
1 0.7073412698412699 0.5856481481481481 0.0248015873015873 0.034722222222222224 0.7108134920634921 0.5867063492063492
1 0.018151455026455026 0.08822916666666666 0.034722222222222224 0.034652777777777775 0.012764550264550265 0.09444444444444446
1 0.3578042328042328 0.6390542328042328 0.031084656084656083 0.03710317460317454 0.35714285714285715 0.6345899470899471
1 0.22718253968253968 0.6339285714285714 0.034722222222222224 0.03802910052910053 0.226521164021164 0.6299603174603174
1 0.3088078703703704 0.5266650132275132 0.026960978835978828 0.020281084656084632 0.30753968253968256 0.5248015873015873
1 0.714209656084656 0.9241947751322751 0.10482804232804233 0.07568452380952377 0.6818783068783069 0.9133597883597884
1 0.8804927248677248 0.9316137566137566 0.022149470899470905 0.01197089947089956 0.8805224867724867 0.9322089947089947
1 0.07642195767195767 0.10972222222222222 0.036574074074074064 0.05257936507936508 0.08167989417989419 0.1195436507936508
1 0.18749338624338624 0.4099239417989418 0.04839947089947089 0.045562169312169304 0.1974206349206349 0.42328042328042326
1 0.23474371693121693 0.8861772486772488 0.009368386243386219 0.012433862433862403 0.23412698412698413 0.8859126984126984
1 0.13206349206349208 0.9103753306878306 0.041838624338624335 0.022668650793650855 0.13128306878306878 0.9113756613756614
1 0.11097883597883598 0.07242063492063493 0.047552910052910055 0.0582010582010582 0.1244378306878307 0.0912037037037037
1 0.05036044973544973 0.09512566137566138 0.042328042328042326 0.03472222222222223 0.05337632275132275 0.0948313492063492
1 0.5433928571428571 0.967349537037037 0.03705026455026454 0.06212632275132272 0.5459656084656085 0.9679232804232805
1 0.11592096560846561 0.95604332010582 0.03025462962962963 0.020056216931216963 0.11276455026455026 0.958994708994709
1 0.15191798941798942 0.3953703703703703 0.033994708994709 0.041071428571428585 0.15079365079365079 0.40046296296296297
1 0.8344460978835978 0.5864186507936507 0.032033730158730275 0.04376322751322748 0.8346560846560847 0.5846560846560847
1 0.5704117063492063 0.6205820105820106 0.05114087301587305 0.05048941798941801 0.5677910052910053 0.6160714285714286
1 0.0065145502645502645 0.7673776455026455 0.013029100529100529 0.04169973544973542 0.00535383597883598 0.7805952380952381
1 0.7121064814814815 0.6812070105820105 0.031084656084656083 0.04662698412698405 0.7094642857142858 0.6721924603174604
1 0.8542162698412697 0.1396329365079365 0.053538359788359816 0.059027777777777776 0.8380291005291005 0.13396164021164023
1 0.9043667328042329 0.13088955026455026 0.04610119047619058 0.032731481481481486 0.890244708994709 0.14067460317460317
1 0.9169973544973545 0.6354662698412699 0.017857142857142856 0.015112433862433878 0.9133597883597884 0.6365740740740741
1 0.5788293650793651 0.5829150132275133 0.018306878306878275 0.011068121693121703 0.5779034391534391 0.582744708994709
1 0.15719246031746031 0.5897321428571428 0.04365079365079365 0.03859126984126986 0.16335978835978837 0.5992063492063492
1 0.1200892857142857 0.3485945767195768 0.03396164021164021 0.022387566137566154 0.12037037037037036 0.3501984126984127
1 0.8407986111111111 0.04959656084656084 0.044427910052910025 0.0353968253968254 0.8197751322751323 0.06451719576719576
1 0.33343253968253966 0.031001984126984128 0.07724867724867722 0.062003968253968256 0.3468915343915344 0.046957671957671955
1 0.20345568783068782 0.9288855820105819 0.07787698412698413 0.06630291005291006 0.19543650793650794 0.9229497354497355
1 0.8864252645502646 0.02552910052910053 0.08925264550264553 0.05105820105820106 0.8667328042328042 0.030753968253968252
1 0.18349867724867724 0.788449074074074 0.04371693121693122 0.00917328042328035 0.18386243386243387 0.7883597883597884
1 0.5559275793650794 0.6463723544973545 0.017542989417989478 0.015985449735449707 0.5569411375661376 0.6457374338624339
1 0.28831018518518514 0.5028769841269841 0.04798280423280424 0.06369047619047616
1 0.046990740740740736 0.41226851851851853 0.03445767195767195 0.041005291005291 0.05099206349206349 0.4093915343915344
1 0.4193518518518518 0.02164351851851852 0.01488095238095238 0.04328703703703704 0.41916997354497354 0.018230820105820108
1 0.7791170634920636 0.3280588624338624 0.03105158730158733 0.05982142857142857
1 0.7408895502645502 0.011441798941798942 0.027149470899470868 0.022883597883597884 0.7784391534391535 0.35300925925925924
1 0.344699074074074 0.5433201058201058 0.03736772486772483 0.059854497354497355 0.351521164021164 0.5300925925925926
1 0.12248677248677248 0.19386574074074073 0.032407407407407406 0.051421957671957674 0.12235449735449735 0.19775132275132276
1 0.1078042328042328 0.25578703703703703 0.04365079365079365 0.04417989417989415 0.11011904761904762 0.2566137566137566
1 0.9709821428571429 0.7997619047619048 0.04282407407407408 0.04497354497354497 0.9715608465608465 0.8012566137566137
1 0.18020833333333336 0.5681878306878307 0.08528439153439153 0.022685185185185155 0.1822089947089947 0.5750661375661376
1 0.02415674603174603 0.029183201058201057 0.04831349206349206 0.058366402116402115 0.019113756613756614 0.010747354497354497
1 0.09898148148148148 0.8849041005291005 0.08328042328042329 0.09050925925925934 0.0992063492063492 0.8766534391534392
1 0.037533068783068786 0.2791997354497354 0.040542328042328046 0.024537037037037013 0.047850529100529095 0.28703703703703703
1 0.10647486772486774 0.9620965608465609 0.018921957671957663 0.03898148148148152
1 0.0759970238095238 0.9969411375661376 0.01003637566137567 0.006117724867724867
1 0.08304728835978836 0.9057027116402118 0.020016534391534384 0.030889550264550366 0.0837202380952381 0.8983366402116403
1 0.20720072751322752 0.3996709656084656 0.025056216931216926 0.023462301587301528
1 0.19532407407407407 0.32622519841269837 0.035793650793650794 0.051967592592592586
1 0.31598048941798945 0.48696759259259265 0.04104166666666667 0.05726851851851854
1 0.43051752645502644 0.4793981481481482 0.035062830687830754 0.02378306878306881 0.4452876984126984 0.47379629629629627
1 0.5841997354497355 0.8409275793650794 0.03566137566137564 0.03685515873015882
1 0.5787301587301588 0.8058912037037038 0.03547619047619047 0.03372685185185193
1 0.6067212301587301 0.8280026455026456 0.06190145502645497 0.06427248677248681
1 0.7409672619047619 0.9468733465608467 0.019249338624338638 0.027840608465608485
1 0.7109920634920635 0.2845453042328042 0.01683862433862436 0.03659060846560846 0.7095238095238094 0.28505291005291006
1 0.8806927910052911 0.05176752645502645 0.0657043650793651 0.036908068783068786 0.8571362433862434 0.04917989417989418
1 0.9215426587301587 0.39782903439153433 0.01657076719576724 0.018568121693121647
1 0.001984126984126984 0.9026388888888889 0.003968253968253968 0.014186507936507966 0.9187797619047618 0.3996031746031746
1 0.01550760582010582 0.7901041666666665 0.02738425925925926 0.0075297619047618985
0 0.3215443121693122 0.05578703703703703 0.033498677248677236 0.027645502645502643
0 0.7807208994708994 0.10515873015873016 0.042526455026454996 0.06329365079365079
0 0.6179728835978836 0.00496031746031746 0.05532407407407414 0.00992063492063492
0 0.143369708994709 0.15575396825396826 0.07708333333333334 0.04828042328042328
0 0.6980076058201059 0.5410019841269841 0.018693783068782985 0.008068783068783099
0 0.9902926587301587 0.9411888227513227 0.01941468253968255 0.023442460317460275
0 0.011727843915343917 0.8869940476190477 0.023455687830687834 0.020548941798941907
