1 0.2834837962962963 0.9987863756613756 0.006841931216931235 0.0024272486772487253
1 0.08688822751322751 0.748015873015873 0.11292989417989419 0.1130952380952381 0.08697089947089948 0.7235449735449735
1 0.9476521164021163 0.1899206349206349 0.082010582010582 0.0842063492063492 0.9265873015873016 0.2037698412698413
1 0.6507622354497354 0.6816220238095237 0.024930555555555515 0.03569775132275126 0.6491402116402116 0.683531746031746
1 0.5313541666666667 0.5243568121693122 0.04511574074074076 0.043356481481481524 0.5304232804232805 0.5307539682539683
1 0.7767691798941798 0.014748677248677249 0.03945105820105811 0.029497354497354498
1 0.012865410052910054 0.28371362433862435 0.025730820105820108 0.0286706349206349 0.7642195767195767 0.01488095238095238
1 0.966374007936508 0.8329613095238095 0.03749007936507933 0.019527116402116462 0.9647685185185185 0.8308796296296296
1 0.780150462962963 0.9515591931216932 0.08930224867724859 0.0861673280423281 0.7708333333333334 0.9437830687830688
1 0.32275628306878307 0.24039517195767196 0.08400462962962962 0.09209986772486772 0.32076719576719576 0.25793650793650796
1 0.49817791005291007 0.3459738756613756 0.03769179894179895 0.03966600529100531 0.4957010582010582 0.35085978835978837
1 0.011129298941798942 0.2611160714285714 0.022258597883597884 0.008210978835978811 0.0060648148148148145 0.26158068783068783
1 0.3027314814814815 0.7313574735449735 0.010410052910052916 0.03731812169312181 0.30224867724867727 0.7308201058201058
1 0.0886276455026455 0.8372354497354498 0.12070767195767196 0.0716269841269841 0.09821428571428571 0.8048941798941799
1 0.8717526455026456 0.6202397486772487 0.03199735449735442 0.02553240740740742 0.8677248677248677 0.6223544973544973
1 0.3865310846560846 0.4482837301587302 0.0875462962962963 0.08028439153439153 0.3792989417989418 0.4494047619047619
1 0.6167195767195768 0.26728174603174604 0.0844179894179894 0.0737037037037037 0.5876322751322751 0.2767857142857143
1 0.9826736111111111 0.5662549603174604 0.03465277777777777 0.08078373015873015 0.9871031746031746 0.5750661375661376
1 0.889103835978836 0.9249338624338624 0.07688492063492064 0.10707671957671963 0.8726851851851852 0.91005291005291
1 0.386833664021164 0.16645006613756613 0.02970568783068788 0.03012896825396824 0.38591269841269843 0.16832010582010581
1 0.9222619047619048 0.6285152116402116 0.03784391534391536 0.04958333333333328 0.9209656084656085 0.6312830687830688
1 0.3880853174603175 0.3256134259259259 0.07118386243386243 0.07979166666666665 0.3795965608465609 0.3374338624338624
1 0.32050760582010585 0.34916005291005286 0.10993055555555557 0.10928571428571425 0.31613756613756616 0.3601190476190476
1 0.058948412698412694 0.03426421957671957 0.07473544973544974 0.048270502645502644 0.050595238095238096 0.04828042328042328
1 0.7573561507936507 0.4236276455026456 0.008237433862433814 0.028339947089947106 0.7559523809523809 0.42394179894179895
1 0.1454050925925926 0.9197949735449735 0.03313822751322751 0.03898148148148152 0.14351851851851852 0.9236111111111112
1 0.10218253968253968 0.40600033068783065 0.03399470899470898 0.042232142857142795 0.1130952380952381 0.4074074074074074
1 0.10335317460317459 0.1340195105820106 0.04144179894179894 0.028389550264550253 0.10482804232804233 0.1402116402116402
1 0.3745684523809524 0.2592460317460318 0.030029761904761886 0.03548941798941801
1 0.997337962962963 0.7299801587301588 0.005291005291005291 0.01679232804232796 0.37566137566137564 0.2605820105820106
1 0.6033730158730158 0.8323412698412699 0.09285714285714285 0.0882936507936508 0.591931216931217 0.8250661375661376
1 0.9537863756613757 0.23486441798941798 0.08667328042328054 0.092771164021164 0.9119212962962964 0.2506679894179894
1 0.1687632275132275 0.9503554894179894 0.01419312169312168 0.008680555555555556 0.1693121693121693 0.9497354497354498
1 0.004077380952380952 0.11450562169312169 0.007718253968253968 0.036134259259259255 0.004632936507936508 0.11900132275132276
1 0.3103224206349206 0.8497883597883599 0.023468915343915354 0.02866402116402111
1 0.9937400793650792 0.9836640211640212 0.012519841269841313 0.010429894179894168 0.3082010582010582 0.8488756613756614
1 0.8535449735449735 0.21966931216931215 0.031197089947089994 0.04361772486772486
1 0.9631481481481481 0.16279761904761905 0.012976190476190403 0.008835978835978845
1 0.3060631613756614 0.9904993386243386 0.023766534391534394 0.019001322751322762 0.9627314814814816 0.16279761904761905
1 0.8859374999999999 0.24553571428571427 0.09343584656084647 0.06342592592592591 0.8756613756613757 0.24933862433862433
1 0.5260416666666666 0.020105820105820106 0.011474867724867664 0.028108465608465607 0.5267857142857143 0.01917989417989418
1 0.5995750661375662 0.5607655423280423 0.025585317460317423 0.0331051587301587 0.5995370370370371 0.5631613756613757
1 0.5284573412698413 0.2734589947089947 0.1050628306878307 0.09937830687830691 0.5357142857142857 0.2900132275132275
1 0.7857027116402117 0.6760383597883598 0.00883928571428572 0.011335978835978826 0.7863756613756614 0.6792328042328042
0 0.016633597883597882 0.49206349206349204 0.033267195767195765 0.00958994708994709
0 0.16657076719576722 0.8621941137566136 0.05416005291005292 0.042542989417989445
0 0.6176752645502646 0.7362433862433863 0.05281084656084658 0.08591269841269847
0 0.5333515211640212 0.4804662698412699 0.05002976190476189 0.04049603174603176
0 0.5577546296296296 0.6216236772486773 0.05380291005291007 0.07765211640211638
0 0.5270188492063492 0.5715972222222222 0.02520171957671959 0.06646825396825397
0 0.37758101851851855 0.19387896825396825 0.008998015873015885 0.027519841269841278
0 0.6662533068783069 0.8035714285714286 0.08554894179894174 0.03260582010582023
0 0.46832010582010586 0.49098379629629635 0.024272486772486803 0.023984788359788352
0 0.40379629629629626 0.3978819444444445 0.021309523809523827 0.040545634920634885
0 0.27511904761904765 0.3671097883597884 0.030648148148148133 0.051097883597883594
0 0.08748346560846561 0.6366732804232804 0.06941137566137566 0.049735449735449765
0 0.9665873015873016 0.6101107804232804 0.046256613756613794 0.018072089947089903
0 0.9034391534391535 0.29161706349206346 0.08035714285714286 0.08138227513227514
0 0.16593750000000002 0.9098892195767196 0.03888558201058202 0.10753637566137568
0 0.9868055555555555 0.7861507936507935 0.026388888888888948 0.04482804232804231
0 0.5794494047619048 0.7764864417989418 0.06518187830687827 0.028177910052910066
0 0.7399669312169311 0.760907738095238 0.02575396825396829 0.05239087301587296
0 0.4998429232804233 0.40373181216931214 0.030274470899470884 0.009646164021164045
0 0.5928439153439153 0.6162483465608466 0.03058201058201059 0.05315145502645503
0 0.9692625661375662 0.4669973544973544 0.06147486772486775 0.02453703703703705
0 0.5310416666666666 0.8898429232804234 0.0053373015873016206 0.03585648148148143
0 0.010393518518518519 0.7313773148148148 0.020787037037037038 0.01389880952380944
0 0.9698181216931216 0.4434060846560847 0.033644179894179824 0.034351851851851814
0 0.0507556216931217 0.6957721560846561 0.1015112433862434 0.023336640211640267
0 0.8911722883597882 0.42688822751322747 0.013495370370370352 0.011765873015873066
0 0.5104017857142857 0.4173065476190476 0.0404398148148148 0.05645833333333334
0 0.9578885582010581 0.9049900793650792 0.07391203703703696 0.018511904761904768
0 0.9443683862433863 0.10451884920634921 0.05385582010582 0.062060185185185184
0 0.591999007936508 0.6409308862433863 0.024401455026455014 0.00663029100529099
0 0.12307705026455026 0.6740410052910053 0.04370701058201057 0.07030423280423277
0 0.18648644179894178 0.4293320105820106 0.035406746031746046 0.00958994708994709
0 0.7674074074074075 0.40201884920634917 0.017943121693121615 0.05880621693121691
0 0.08231150793650793 0.685338955026455 0.045046296296296286 0.07330357142857145
0 0.07140211640211641 0.5800793650793651 0.05382275132275133 0.06723544973544972
0 0.08666005291005291 0.7868088624338624 0.11293650793650793 0.035112433862433956
0 0.2747354497354497 0.33425099206349207 0.0322089947089947 0.04680886243386242
0 0.8224206349206349 0.7741402116402116 0.032407407407407406 0.008267195767195767
0 0.8707820767195766 0.35657407407407404 0.04316468253968261 0.05097222222222218
0 0.8616121031746032 0.35482142857142857 0.04463955026455034 0.0410515873015873
0 0.8734573412698413 0.3618766534391535 0.08911044973544982 0.021372354497354532
0 0.5719328703703704 0.5578191137566137 0.01351521164021168 0.01033399470899471
0 0.5275429894179894 0.9750198412698413 0.012843915343915392 0.018406084656084606
0 0.4554563492063492 0.3911640211640212 0.012215608465608483 0.009662698412698421
0 0.8146626984126984 0.8037863756613757 0.10156084656084652 0.05042989417989418
0 0.7871362433862434 0.021494708994708994 0.02757936507936511 0.04298941798941799
0 0.22733300264550263 0.46394179894179893 0.0795998677248677 0.015304232804232796
0 0.016843584656084657 0.4385582010582011 0.033687169312169314 0.00496031746031746
0 0.575082671957672 0.3782440476190476 0.014980158730158715 0.0183134920634921
0 0.5220436507936508 0.42285548941798945 0.05961640211640211 0.012027116402116442
0 0.07731150793650793 0.4639831349206349 0.08888227513227512 0.05953373015873015
0 0.6979894179894179 0.9848363095238095 0.022486772486772486 0.030327380952380963
0 0.2536160714285714 0.9917195767195768 0.008621031746031762 0.016560846560846536
0 0.03214616402116402 0.4699884259259259 0.06429232804232804 0.008964947089947058
0 0.7589103835978837 0.012665343915343914 0.030849867724867714 0.02533068783068783
0 0.9558531746031746 0.47752149470899474 0.021097883597883657 0.024652777777777763
0 0.01755952380952381 0.5500760582010581 0.03511904761904762 0.016580687830687862
0 0.4239566798941799 0.41963293650793654 0.018812830687830722 0.01443783068783064
