1 0.5617063492063492 0.23657407407407408 0.040013227513227514 0.039417989417989435 0.5654100529100529 0.23640873015873015
1 0.48974867724867727 0.19925595238095237 0.0796957671957672 0.048974867724867734 0.48544973544973546 0.20337301587301587
1 0.4655919312169312 0.2878637566137566 0.05849867724867728 0.04384920634920632 0.47023809523809523 0.294973544973545
1 0.5683862433862434 0.971709656084656 0.07103174603174602 0.028604497354497355 0.5703703703703703 0.9687830687830687
1 0.8230820105820106 0.7516534391534392 0.07585978835978824 0.025925925925925807 0.8230489417989418 0.7467923280423281
1 0.9846560846560847 0.4495039682539683 0.030687830687830746 0.03465608465608464 0.9890641534391534 0.4396164021164021
1 0.858366402116402 0.7149636243386244 0.03267195767195758 0.057175925925925956 0.845734126984127 0.702116402116402
1 0.9041501322751323 0.731415343915344 0.04513888888888889 0.04497354497354497 0.8844907407407406 0.7231481481481482
1 0.4019510582010582 0.965757275132275 0.03690476190476188 0.04097222222222225 0.4066137566137566 0.9544973544973545
1 0.05219907407407407 0.8058035714285714 0.06908068783068783 0.023181216931217052 0.06431878306878307 0.8028439153439154
1 0.9718915343915344 0.27268518518518514 0.056216931216931214 0.0302910052910053 0.9829695767195767 0.261441798941799
1 0.651603835978836 0.019146825396825395 0.059755291005291096 0.023346560846560845 0.6529761904761905 0.024239417989417988
1 0.7145833333333333 0.8591269841269841 0.03697089947089953 0.011574074074074073 0.7144510582010583 0.8584986772486772
1 0.8715608465608465 0.49899140211640214 0.023875661375661314 0.036871693121693125 0.8716931216931217 0.49537037037037035
1 0.663260582010582 0.905191798941799 0.07347883597883607 0.024404761904761815 0.6523809523809524 0.8994047619047619
1 0.977579365079365 0.6072420634920636 0.0296296296296296 0.05019841269841269 0.9721858465608465 0.6011044973544973
1 0.7273148148148149 0.889566798941799 0.0248015873015873 0.03039021164021167 0.7301917989417989 0.8855489417989418
1 0.8581183862433862 0.37481812169312173 0.07840608465608463 0.03455687830687831 0.8627645502645502 0.37136243386243384
1 0.899454365079365 0.4103670634920634 0.053009259259259166 0.03548280423280422 0.8747354497354497 0.41415343915343916
1 0.02050099206349206 0.9895833333333334 0.009388227513227513 0.020833333333333332 0.020800264550264548 0.9954365079365078
1 0.6959986772486771 0.096494708994709 0.05284391534391533 0.045568783068783064
1 0.5004315476190475 0.00521494708994709 0.009454365079365052 0.01042989417989418 0.7010912698412698 0.09619708994708993
1 0.8551620370370371 0.7466600529100529 0.03471560846560847 0.010515873015873076
1 0.48685846560846563 0.996332671957672 0.021527777777777746 0.007334656084656031
1 0.29848214285714286 0.9961772486772487 0.030165343915343923 0.007645502645502609 0.49537367724867726 0.9985085978835978
1 0.27055886243386246 0.9890922619047618 0.010462962962962959 0.011696428571428535 0.26840939153439153 0.9903736772486772
1 0.18522156084656086 0.8001273148148148 0.041296296296296275 0.019884259259259296
1 0.260515873015873 0.8554563492063493 0.04616402116402117 0.031018518518518577 0.25734126984126987 0.8511574074074074
1 0.30064484126984126 0.19603174603174603 0.03991402116402118 0.026190476190476167 0.3019179894179894 0.19510582010582012
1 0.37486772486772485 0.797933201058201 0.009656084656084672 0.018816137566137595 0.37533068783068785 0.7982804232804233
1 0.05572089947089947 0.3453703703703704 0.023544973544973542 0.03214285714285716 0.05275132275132276 0.33668650793650795
1 0.6629298941798942 0.5299437830687831 0.07354497354497358 0.04031084656084659 0.6584325396825397 0.5301917989417989
1 0.05844907407407408 0.6160714285714286 0.05949074074074073 0.031018518518518577 0.06084656084656084 0.6200396825396826
1 0.5463458994708995 0.43210978835978836 0.028207671957671942 0.031944444444444414 0.5498015873015872 0.4338293650793651
1 0.5558201058201059 0.3390046296296297 0.04160052910052908 0.037466931216931204 0.548941798941799 0.3412698412698413
1 0.25305886243386244 0.26256613756613756 0.0541335978835979 0.050330687830687844 0.25462962962962965 0.251984126984127
1 0.19722222222222222 0.48893849206349205 0.06064814814814816 0.05128968253968251 0.19047619047619047 0.49206349206349204
1 0.24036044973544973 0.2224537037037037 0.08091931216931218 0.05535714285714285 0.25132275132275134 0.23082010582010581
1 0.4322089947089947 0.2820767195767196 0.03842592592592586 0.09874338624338622 0.435515873015873 0.2751322751322751
1 0.14168320105820106 0.15132275132275133 0.061210317460317465 0.046891534391534394 0.15403439153439155 0.16018518518518518
1 0.27012235449735444 0.6913359788359789 0.02344576719576719 0.04332010582010582 0.2662037037037037 0.689484126984127
1 0.2587136243386243 0.6668981481481482 0.03396164021164023 0.050396825396825426 0.2671957671957672 0.6541005291005291
1 0.11881613756613756 0.02655423280423281 0.07513227513227513 0.03650793650793651 0.12301587301587301 0.036044973544973546
1 0.09323743386243386 0.2960482804232804 0.06669973544973545 0.030059523809523838 0.0916005291005291 0.30158730158730157
1 0.1115079365079365 0.5351521164021165 0.03584656084656084 0.07414021164021166 0.11541005291005291 0.52744708994709
1 0.6012070105820105 0.46494708994708994 0.06908068783068787 0.024603174603174634 0.5932539682539683 0.4689153439153439
1 0.5822585978835979 0.42673611111111104 0.019146825396825426 0.06458333333333331
1 0.005968915343915344 0.12895171957671958 0.011937830687830688 0.037996031746031736 0.5843253968253969 0.42328042328042326
1 0.014087301587301588 0.2752810846560847 0.028174603174603175 0.03998015873015872 0.002976190476190476 0.26256613756613756
1 0.0953042328042328 0.15244708994708994 0.06580687830687831 0.05489417989417989 0.09361772486772488 0.16709656084656085
1 0.40072751322751327 0.23933531746031747 0.05727513227513229 0.033432539682539654 0.4027777777777778 0.25033068783068785
1 0.7571263227513229 0.49176917989417984 0.017228835978835948 0.026455026455026454 0.7534060846560847 0.49044312169312165
1 0.2304398148148148 0.501818783068783 0.01392195767195768 0.028505291005290947 0.2328042328042328 0.49966931216931215
1 0.5210482804232804 0.864186507936508 0.019609788359788344 0.0371693121693122 0.517526455026455 0.8627645502645502
1 0.39384920634920634 0.37951388888888893 0.025727513227513286 0.042757936507936495 0.38756613756613756 0.37996031746031744
1 0.32529761904761906 0.21202050264550265 0.03617724867724871 0.019411375661375678 0.3263888888888889 0.21362433862433863
1 0.15841600529100527 0.5475694444444444 0.05109126984126982 0.017691798941798943 0.16170634920634921 0.5505952380952381
1 0.6742724867724867 0.3503968253968254 0.011243386243386243 0.027513227513227528 0.6734523809523809 0.3521924603174603
1 0.3477678571428572 0.5255621693121693 0.04044312169312168 0.01507936507936505 0.3462301587301587 0.5251322751322751
1 0.011888227513227514 0.21256613756613754 0.023776455026455028 0.02976190476190476 0.002976190476190476 0.2156084656084656
1 0.4212797619047619 0.5646990740740742 0.02609126984126987 0.029199735449735434 0.41898148148148145 0.5631613756613757
1 0.46855158730158736 0.4729001322751323 0.071957671957672 0.04269179894179891 0.4751984126984127 0.4708994708994709
1 0.006813822751322751 0.07637896825396827 0.013627645502645502 0.03592592592592593 0.0035945767195767193 0.08869047619047618
1 0.5190112433862434 0.3070568783068783 0.011871693121693151 0.008531746031746053 0.517526455026455 0.30654761904761907
1 0.23640873015873018 0.8325892857142857 0.07189153439153438 0.01927910052910059 0.23773148148148146 0.8260251322751323
1 0.013839285714285715 0.8949239417989417 0.02767857142857143 0.04017857142857143 0.0025562169312169313 0.8804695767195767
1 0.0990079365079365 0.8188822751322752 0.022089947089947094 0.027976190476190446 0.09785052910052909 0.8227513227513228
1 0.8430224867724868 0.25244708994709 0.015806878306878217 0.03749999999999999 0.8380291005291005 0.25625
1 0.7502976190476189 0.8152943121693121 0.03617724867724871 0.026355820105820195 0.754431216931217 0.8171957671957671
1 0.9769841269841271 0.8275132275132274 0.04603174603174597 0.04543650793650797 0.9613095238095238 0.8087301587301587
1 0.6283399470899471 0.9176421957671957 0.02129629629629625 0.02562830687830688 0.6286375661375662 0.91005291005291
1 0.8078373015873016 0.715162037037037 0.04497354497354497 0.041302910052910084 0.7937500000000001 0.7212962962962962
1 0.9497519841269841 0.31863425925925926 0.05644841269841279 0.04917328042328044 0.9384920634920635 0.31746031746031744
1 0.7498015873015872 0.7117394179894181 0.047817460317460286 0.025066137566137476 0.7695304232804233 0.7199272486772487
1 0.16125992063492064 0.7941798941798941 0.06716269841269842 0.03941798941798936 0.17311507936507936 0.7993716931216932
1 0.19611441798941798 0.7874338624338624 0.019279100529100552 0.043452380952380985
1 0.934672619047619 0.4819940476190476 0.03078703703703701 0.043617724867724895 0.9386904761904762 0.4737433862433862
1 0.6104166666666667 0.8979993386243387 0.042261904761904744 0.06498015873015874 0.603505291005291 0.8756613756613757
1 0.7385085978835979 0.9300429894179894 0.02867063492063486 0.025297619047619048 0.734457671957672 0.9358465608465608
0 0.08779761904761904 0.4350198412698413 0.013492063492063486 0.011574074074074073
0 0.45699404761904755 0.16253306878306878 0.025892857142857127 0.04616402116402115
0 0.9580853174603174 0.7714285714285715 0.035681216931216814 0.01541005291005288
0 0.4483796296296297 0.7173941798941798 0.007605820105820105 0.06435185185185183
0 0.1332175925925926 0.004695767195767196 0.029001322751322747 0.009391534391534392
0 0.255489417989418 0.8479166666666667 0.012235449735449735 0.019246031746031685
0 0.037764550264550265 0.49694113756613756 0.040806878306878305 0.02880291005291002
0 0.15154265873015874 0.6412962962962963 0.012986111111111105 0.017314814814814856
0 0.9895899470899471 0.9623859126984128 0.020820105820105832 0.025029761904761923
0 0.00619212962962963 0.43880621693121696 0.01238425925925926 0.028571428571428602
0 0.19390046296296298 0.117051917989418 0.008349867724867725 0.013118386243386248
0 0.61474041005291 0.6372255291005291 0.013707010582010596 0.009543650793650835
0 0.30631613756613757 0.7299603174603175 0.027645502645502654 0.010185185185185245
0 0.008812830687830687 0.17835648148148148 0.017625661375661374 0.04024470899470901
0 0.855109126984127 0.08232473544973544 0.06273148148148142 0.015906084656084653
0 0.3318121693121693 0.8460152116402118 0.0439153439153439 0.029398148148148177
