1 0.06512896825396824 0.6716931216931217 0.06319444444444444 0.07658730158730155 0.06944444444444445 0.6693121693121693
1 0.10088128306878306 0.09369543650793652 0.03765542328042328 0.03899801587301587 0.10089285714285715 0.0892526455026455
1 0.11686011904761905 0.9298164682539684 0.03360780423280423 0.030446428571428624 0.11474867724867725 0.9279100529100529
1 0.02443783068783069 0.17495039682539681 0.04887566137566138 0.07285052910052912 0.024371693121693124 0.19897486772486775
1 0.5874222883597884 0.02960648148148148 0.046517857142857166 0.046210317460317465 0.5912698412698413 0.036375661375661374
1 0.3536375661375662 0.22463624338624338 0.07533068783068782 0.08313492063492063 0.38118386243386243 0.20515873015873015
1 0.059852843915343915 0.18977843915343914 0.06475198412698412 0.044451058201058206 0.06418650793650793 0.19130291005291006
1 0.25508597883597883 0.25816964285714283 0.06608465608465605 0.09444113756613758 0.2638888888888889 0.2576058201058201
1 0.5972883597883598 0.8742063492063492 0.06898148148148145 0.07400793650793656 0.5912367724867725 0.8799272486772487
1 0.5721643518518518 0.32947916666666666 0.05071097883597888 0.08515542328042323 0.566468253968254 0.3330026455026455
1 0.8338293650793651 0.6107638888888889 0.050595238095238096 0.1114748677248677 0.8171296296296297 0.5972222222222222
1 0.711114417989418 0.6994874338624338 0.042328042328042326 0.07318121693121699 0.7085978835978837 0.7048611111111112
1 0.7196395502645503 0.6486061507936508 0.025072751322751226 0.04418981481481485 0.7172619047619048 0.6499007936507937
1 0.7908399470899471 0.5053075396825397 0.028439153439153438 0.03865740740740744 0.78260582010582 0.5043981481481481
1 0.798151455026455 0.02905257936507936 0.04443783068783072 0.029659391534391535 0.7890211640211641 0.03141534391534392
1 0.6603521825396826 0.3776603835978836 0.036306216931216995 0.03793320105820107 0.6591269841269841 0.38333333333333336
1 0.19620866402116402 0.8032853835978837 0.06915674603174603 0.10639219576719577 0.19775132275132276 0.7933201058201058
1 0.6902910052910053 0.6297007275132276 0.0376719576719577 0.04450066137566135 0.6841931216931217 0.6259920634920635
1 0.6948082010582012 0.5341600529100529 0.06263227513227516 0.0781746031746032 0.7000992063492063 0.5340277777777778
1 0.7734788359788359 0.5796957671957672 0.0625 0.10648148148148148 0.7568452380952381 0.563723544973545
1 0.40795304232804236 0.5380291005291006 0.05380291005291007 0.0763888888888889 0.42328042328042326 0.541005291005291
1 0.3675099206349206 0.7251438492063492 0.04025132275132276 0.017371031746031662
1 0.01488095238095238 0.12005621693121692 0.02976190476190476 0.08627645502645502 0.005952380952380952 0.13723544973544974
1 0.1541005291005291 0.7104332010582011 0.05357142857142857 0.09897486772486772 0.16455026455026456 0.706117724867725
1 0.013723544973544973 0.03736772486772488 0.027447089947089946 0.07473544973544974 0.00496031746031746 0.49966931216931215
1 0.013723544973544973 0.02166005291005291 0.027447089947089946 0.04332010582010582 0.011243386243386243 0.43287037037037035
1 0.5594742063492063 0.20914351851851853 0.04685846560846562 0.07800925925925925 0.5558862433862434 0.22321428571428573
1 0.35497685185185185 0.778885582010582 0.044345238095238104 0.011078042328042327 0.35615079365079366 0.77744708994709
1 0.04656580687830688 0.34102843915343917 0.05991071428571429 0.054120370370370326 0.07086640211640212 0.35585317460317456
1 0.7090988756613755 0.4994477513227513 0.030856481481481464 0.041666666666666664
1 0.6312665343915345 0.5558531746031746 0.03111772486772484 0.050992063492063505 0.6331018518518519 0.5601521164021165
1 0.8356150793650794 0.7896660052910053 0.05119047619047625 0.08369708994708992 0.8250330687830688 0.7844576719576719
1 0.5122354497354498 0.9705522486772487 0.02976190476190476 0.05181878306878316 0.5188492063492064 0.9695767195767195
1 0.5916170634920634 0.5415178571428572 0.010416666666666666 0.019411375661375678 0.5912698412698413 0.5423280423280423
1 0.7037037037037037 0.43210978835978836 0.04497354497354497 0.08187830687830684 0.6997354497354498 0.4497354497354497
1 0.7846230158730159 0.3919973544973545 0.05046296296296293 0.05780423280423279 0.7820767195767195 0.3888888888888889
1 0.6764550264550265 0.8865740740740741 0.04411375661375665 0.059854497354497355 0.6746031746031746 0.8796296296296297
1 0.5267857142857143 0.9113756613756614 0.036044973544973546 0.04662698412698413 0.5257936507936508 0.9133597883597884
1 0.6517030423280423 0.9110780423280425 0.038525132275132275 0.049735449735449765 0.65869708994709 0.9191798941798941
1 0.9497354497354498 0.23888888888888887 0.03736772486772487 0.051984126984127 0.9490740740740741 0.2562830687830688
1 0.7523148148148148 0.35122354497354497 0.022486772486772486 0.020436507936507923 0.750165343915344 0.35376984126984123
1 0.44543650793650796 0.5259755291005291 0.05853174603174603 0.11736111111111114 0.44312169312169314 0.513558201058201
1 0.808531746031746 0.6207010582010583 0.07473544973544974 0.061507936507936505 0.7893518518518519 0.6240079365079365
1 0.7678571428571429 0.4846891534391535 0.036044973544973546 0.02996031746031743 0.7668320105820106 0.4893849206349207
1 0.44565145502645503 0.7168981481481482 0.053075396825396824 0.052645502645502586 0.44907407407407407 0.7000661375661376
1 0.9878637566137567 0.2671296296296296 0.024272486772486803 0.060449735449735476 0.9834325396825397 0.2813161375661376
1 0.10884589947089947 0.25990410052910057 0.059887566137566135 0.07159391534391535 0.12417328042328042 0.29150132275132273
1 0.9717261904761905 0.2560681216931217 0.0333994708994709 0.04454365079365081 0.9700727513227513 0.26805555555555555
1 0.7916666666666666 0.5297619047619048 0.04365079365079365 0.049933862433862435 0.78505291005291 0.5376984126984127
1 0.7761243386243386 0.8982473544973546 0.034722222222222224 0.029563492063492094 0.7767857142857143 0.9037698412698413
1 0.7307539682539683 0.7263227513227514 0.027843915343915435 0.04041005291005285 0.7274140211640211 0.7200066137566138
1 0.3584656084656085 0.6974718915343915 0.06977513227513228 0.07066468253968256 0.36408730158730157 0.7023809523809523
1 0.5701388888888889 0.01271494708994709 0.05000000000000002 0.02542989417989418 0.564484126984127 0.00958994708994709
1 0.3809573412698412 0.960421626984127 0.027503306878306828 0.07088955026455022 0.3812830687830688 0.9464285714285714
1 0.24791666666666667 0.8863921957671957 0.020965608465608458 0.0231812169312169 0.24834656084656084 0.8862433862433863
1 0.11911706349206351 0.8538293650793651 0.08875 0.04730158730158729 0.1025462962962963 0.8495370370370371
1 0.34727182539682544 0.24829695767195767 0.05539021164021168 0.049702380952380935
1 0.003538359788359788 0.8932341269841271 0.007076719576719576 0.012407407407407402 0.353505291005291 0.2533068783068783
1 0.16458829365079367 0.6500843253968254 0.013548280423280433 0.039712301587301636
1 0.4201620370370371 0.09732142857142857 0.021779100529100495 0.19464285714285715 0.16732804232804233 0.6517857142857143
1 0.36549768518518516 0.30456349206349204 0.046914682539682576 0.02837301587301586 0.36078042328042326 0.30952380952380953
1 0.4068055555555555 0.30334160052910053 0.10503968253968257 0.05442791005291006 0.39021164021164023 0.310515873015873
1 0.27371693121693125 0.9590195105820105 0.028320105820105815 0.03017526455026455 0.2724867724867725 0.9659391534391535
0 0.30657572751322754 0.2721792328042328 0.011716269841269824 0.02065476190476188
0 0.11024140211640211 0.24090608465608465 0.08831349206349205 0.027513227513227528
0 0.5787582671957672 0.3385846560846561 0.017814153439153404 0.07342592592592595
0 0.25395998677248677 0.910828373015873 0.019725529100529094 0.02563161375661368
0 0.31853670634920633 0.20053075396825396 0.026484788359788333 0.0705654761904762
0 0.3499503968253968 0.5549768518518519 0.08898809523809521 0.011673280423280483
0 0.9891534391534391 0.5125826719576719 0.021693121693121663 0.007903439153439183
