1 0.7161044973544973 0.7414847883597884 0.07777777777777772 0.05545634920634915 0.7501256613756614 0.7237599206349207
1 0.4460978835978836 0.45533564814814814 0.05705687830687829 0.05671626984126984
1 0.2581051587301587 0.9951603835978835 0.010350529100529086 0.009679232804232798 0.4305555555555556 0.45271164021164023
1 0.03625992063492064 0.12328042328042328 0.07251984126984128 0.04973544973544973 0.052248677248677246 0.1378968253968254
1 0.30327380952380956 0.09828042328042327 0.0902116402116402 0.11653439153439153 0.30876322751322755 0.13363095238095238
1 0.5549933862433862 0.6986607142857143 0.028306878306878277 0.032705026455026334 0.5499338624338624 0.6967592592592593
1 0.4844907407407407 0.4645998677248677 0.0291005291005291 0.0608796296296296 0.48908730158730157 0.4748677248677249
1 0.2318783068783069 0.5682705026455026 0.1095238095238095 0.09295634920634918 0.22453703703703703 0.5654761904761905
1 0.45477843915343913 0.7104497354497353 0.058829365079365106 0.07328042328042325 0.455026455026455 0.701058201058201
1 0.35264550264550265 0.5965112433862434 0.04279100529100525 0.05439814814814815 0.35648148148148145 0.5925925925925926
1 0.5511904761904762 0.6439980158730159 0.05853174603174603 0.0813822751322751 0.5496031746031746 0.6550925925925926
1 0.4562665343915344 0.8445271164021164 0.04751984126984121 0.05730820105820112 0.4583333333333333 0.8382936507936508
1 0.10201719576719577 0.12916666666666668 0.039484126984126976 0.03267195767195768
1 0.3237169312169312 0.005701058201058201 0.012235449735449735 0.011018518518518518 0.10132275132275131 0.13859126984126985
1 0.26756944444444447 0.523505291005291 0.00648809523809524 0.010337301587301584 0.26686507936507936 0.5248015873015873
1 0.3053075396825397 0.5497685185185185 0.07443783068783066 0.052248677248677246 0.31084656084656087 0.5462962962962963
1 0.44955357142857144 0.6032076719576719 0.05486111111111114 0.0796957671957672 0.4427910052910053 0.6193783068783069
1 0.5453703703703703 0.7218088624338624 0.056283068783068796 0.05109126984126984 0.5373677248677249 0.7139550264550265
1 0.42781084656084656 0.4375165343915344 0.08981481481481478 0.08501984126984125 0.416005291005291 0.44675925925925924
1 0.17253637566137567 0.9240906084656084 0.03713624338624337 0.03171296296296299
1 0.0036375661375661617 0.004133597883597883 0.007275132275132275 0.008267195767195767
1 0.2523148148148148 0.0016534391534391533 0.012235449735449735 0.0033068783068783067 0.17162698412698413 0.9249338624338624
1 0.7362268518518518 0.13657738095238095 0.030985449735449675 0.03286375661375661 0.7291005291005291 0.1466269841269841
1 0.5445601851851852 0.2298445767195767 0.041765873015873076 0.08349867724867725 0.542989417989418 0.25363756613756616
1 0.9744378306878306 0.33343253968253966 0.05112433862433859 0.05601851851851851 0.96875 0.3411044973544973
1 0.08796296296296297 0.4947089947089947 0.06845238095238096 0.09986772486772487 0.09391534391534391 0.48048941798941797
1 0.32518187830687834 0.4280588624338624 0.1171626984126984 0.09467592592592591 0.33994708994708994 0.44345238095238093
1 0.4091600529100529 0.008647486772486772 0.018055555555555526 0.017294973544973544 0.40343915343915343 0.002976190476190476
1 0.766600529100529 0.5286871693121693 0.020436507936507847 0.04917328042328036 0.7687169312169312 0.5367394179894179
1 0.8591269841269841 0.09077380952380952 0.08101851851851852 0.09417989417989417
1 0.3950892857142857 0.9921626984126984 0.020337301587301588 0.01507936507936505 0.8330026455026455 0.09953703703703703
1 0.580026455026455 0.4273247354497355 0.011772486772486742 0.00775793650793652 0.5790343915343915 0.42757936507936506
1 0.3771990740740741 0.14322089947089947 0.03521825396825397 0.07962962962962963
1 0.934133597883598 0.9712318121693122 0.042328042328042326 0.05753637566137559 0.37962962962962965 0.1531084656084656
1 0.14264219576719578 0.9430059523809524 0.040773809523809525 0.05380291005290999
1 0.5620205026455026 0.08693783068783068 0.06650132275132273 0.11732804232804234 0.5488425925925926 0.11157407407407406
1 0.27509920634920637 0.5077050264550265 0.08716931216931217 0.04927248677248677 0.2671957671957672 0.5062830687830688
1 0.032820767195767195 0.46064814814814814 0.056712962962962965 0.04828042328042328 0.032407407407407406 0.455026455026455
1 0.4596891534391534 0.10236441798941799 0.10191798941798944 0.05823412698412699 0.4537037037037037 0.1207010582010582
1 0.8949735449735449 0.38447420634920637 0.04113756613756617 0.02807539682539678 0.8875992063492063 0.39133597883597887
1 0.4234457671957672 0.229728835978836 0.06917989417989412 0.05727513227513225 0.42294973544973546 0.23148148148148148
1 0.902281746031746 0.14715608465608465 0.05800264550264538 0.03730158730158729 0.8899470899470899 0.15866402116402117
1 0.8022486772486772 0.035780423280423274 0.05324074074074074 0.04351851851851852 0.7794642857142857 0.05505952380952381
1 0.004298941798941802 0.00744047619047619 0.008597883597883597 0.01488095238095238 0.07966269841269842 0.0031084656084656086
1 0.5309689153439153 0.8854993386243386 0.029596560846560847 0.024636243386243387 0.5376984126984127 0.8875661375661376
1 0.7034722222222223 0.029695767195767196 0.046891534391534304 0.05939153439153439 0.6964285714285714 0.02414021164021164
1 0.03432539682539683 0.8924107142857142 0.04874338624338625 0.03707010582010579 0.03802910052910053 0.8898809523809523
1 0.21792328042328044 0.006613756613756613 0.013558201058201057 0.013227513227513227 0.2218915343915344 0.005621693121693121
1 0.019692460317460317 0.6688326719576719 0.039384920634920634 0.04560185185185188 0.022486772486772486 0.6742724867724867
1 0.13713624338624336 0.7891699735449735 0.12341269841269839 0.10459656084656076 0.13988095238095238 0.7936507936507936
1 0.6245866402116402 0.9362103174603175 0.07086640211640217 0.060119047619047676 0.6078042328042328 0.9285714285714286
1 0.04710813492063492 0.5606200396825397 0.014520502645502644 0.0323313492063492
1 0.005803571428571429 0.20264550264550263 0.011607142857142858 0.02003968253968255
1 0.9517195767195767 0.22318121693121692 0.06117724867724868 0.07612433862433864 0.9433201058201058 0.24603174603174602
1 0.17863756613756615 0.04887566137566137 0.05310846560846562 0.0904100529100529 0.188260582010582 0.07496693121693121
1 0.3575231481481482 0.3362433862433863 0.01762566137566136 0.03247354497354499 0.36001984126984127 0.3414219576719577
1 0.7459986772486771 0.8162863756613756 0.1017195767195767 0.10572089947089956 0.7314814814814815 0.8042328042328042
1 0.6853339947089947 0.36172288359788357 0.0684193121693122 0.1102843915343915 0.6792328042328042 0.3869047619047619
1 0.3125248015873016 0.3105109126984127 0.01995701058201059 0.012622354497354521 0.31216931216931215 0.31283068783068785
1 0.8878637566137566 0.02953042328042328 0.05165343915343909 0.05906084656084656 0.8756613756613757 0.04298941798941799
1 0.361359126984127 0.9150462962962963 0.11716269841269844 0.12969576719576714 0.3551587301587302 0.9130291005291006
1 0.29546957671957674 0.17202380952380955 0.04497354497354497 0.04404761904761902 0.2942791005291005 0.1773478835978836
0 0.8013425925925927 0.4494923941798941 0.03898148148148137 0.06856150793650799
0 0.17759589947089946 0.8526951058201059 0.03429232804232804 0.026157407407407376
0 0.011607142857142858 0.44641203703703697 0.023214285714285715 0.008035714285714271
0 0.19125330687830688 0.4390873015873016 0.027678571428571445 0.08148148148148152
0 0.8639914021164021 0.33116236772486773 0.009384920634920671 0.006524470899470868
0 0.5173478835978836 0.9873842592592592 0.026124338624338623 0.025231481481481542
0 0.01999669312169312 0.3733482142857143 0.027625661375661373 0.014884259259259257
0 0.07663690476190477 0.43819444444444444 0.028869047619047614 0.05284391534391533
0 0.34088955026455026 0.47051917989417985 0.04950396825396827 0.057308201058201044
0 0.6167328042328042 0.07473544973544974 0.013558201058201057 0.05324074074074074
0 0.6302166005291006 0.5270006613756614 0.02733134920634916 0.0579034391534392
0 0.7815674603174604 0.8668948412698412 0.01984126984126984 0.0248015873015873
0 0.4215112433862434 0.8947585978835979 0.04374999999999998 0.057374338624338626
0 0.004298941798941799 0.07003968253968254 0.008597883597883597 0.009391534391534393
0 0.43501653439153437 0.19647156084656084 0.04497354497354497 0.03802910052910053
0 0.7355324074074074 0.10572089947089947 0.02132936507936508 0.07824074074074074
0 0.5592212301587302 0.9759804894179893 0.007285052910052901 0.047443783068783
0 0.6403637566137567 0.7885813492063493 0.0248015873015873 0.04332010582010582
0 0.3473710317460318 0.06734457671957671 0.010218253968253998 0.13462301587301587
0 0.07724867724867726 0.5582837301587301 0.07242063492063493 0.0264219576719577
0 0.9916832010582011 0.5312665343915345 0.016633597883597945 0.02106481481481483
0 0.4891865079365079 0.8541832010582011 0.016402116402116373 0.06445105820105823
0 0.4237268518518518 0.9690806878306878 0.019345238095238096 0.06183862433862434
0 0.5028108465608465 0.11580687830687832 0.037433862433862375 0.06375661375661376
0 0.5130621693121693 0.10353835978835979 0.015277777777777718 0.04510582010582011
0 0.5891666666666667 0.9768353174603174 0.013558201058201057 0.04497354497354497
0 0.7340294312169312 0.5192377645502645 0.012840608465608442 0.015248015873015915
