1 0.9212466931216933 0.4695601851851852 0.05823412698412695 0.08746693121693122
1 0.011559193121693121 0.7543121693121693 0.023118386243386243 0.016666666666666545 0.8965608465608464 0.47040343915343913
1 0.01486441798941799 0.7593419312169312 0.017493386243386245 0.028207671957672018
1 0.6533399470899471 0.5494543650793652 0.029232804232804263 0.060085978835978854 0.6471560846560847 0.5502645502645502
1 0.44601521164021163 0.9585813492063492 0.027281746031746032 0.050892857142857024 0.4444444444444444 0.9543650793650794
1 0.5746527777777778 0.7272156084656084 0.03376322751322748 0.04999999999999994 0.5687830687830688 0.7132936507936508
1 0.3072089947089947 0.8541666666666666 0.04728835978835979 0.034722222222222224 0.3057870370370371 0.8407407407407408
1 0.3134920634920635 0.13227513227513227 0.022486772486772486 0.061507936507936505 0.31382275132275134 0.1541005291005291
1 0.36177248677248675 0.3290343915343915 0.031084656084656083 0.0248015873015873 0.36474867724867727 0.328042328042328
1 0.5982473544973544 0.42741402116402116 0.03710317460317462 0.07473544973544974 0.6021825396825397 0.42493386243386244
1 0.48789682539682544 0.7419973544973546 0.051851851851851836 0.0759259259259259 0.48148148148148145 0.7261904761904762
1 0.04642857142857143 0.022982804232804233 0.03505291005291005 0.040145502645502644 0.04894179894179894 0.026124338624338623
1 0.6259920634920635 0.48908730158730157 0.05720899470899471 0.051587301587301584 0.6073743386243386 0.4916335978835979
1 0.5556216931216931 0.8790013227513227 0.0724867724867725 0.03478835978835973 0.5357142857142857 0.8763227513227513
1 0.49427910052910046 0.4847222222222223 0.050330687830687844 0.06607142857142856 0.49074074074074076 0.48048941798941797
1 0.6327546296296297 0.09948743386243387 0.038326719576719605 0.07562830687830688 0.6279761904761905 0.10085978835978836
1 0.6093584656084656 0.0398478835978836 0.06395502645502649 0.0796957671957672 0.6170634920634921 0.04097222222222222
1 0.8498677248677249 0.4795304232804232 0.06812169312169312 0.10092592592592595 0.8313492063492064 0.47453703703703703
1 0.5881944444444445 0.49958664021164023 0.04318783068783066 0.07324735449735449 0.5796957671957672 0.5052910052910053
1 0.5171626984126985 0.3169642857142857 0.054431216931216976 0.03974867724867726 0.49834656084656087 0.3244047619047619
1 0.4427910052910053 0.4870370370370371 0.05138888888888892 0.05496031746031747 0.44543650793650796 0.4877645502645503
1 0.202744708994709 0.09522156084656085 0.051851851851851836 0.031779100529100525 0.20171957671957672 0.10648148148148148
1 0.1363260582010582 0.26635251322751324 0.042162698412698416 0.07126322751322751 0.13988095238095238 0.27380952380952384
1 0.5122354497354498 0.7046957671957672 0.06746031746031746 0.03306878306878307 0.49933862433862436 0.7017195767195767
1 0.9806382275132275 0.3289351851851852 0.03720238095238095 0.05171957671957675 0.9642195767195768 0.34289021164021166
1 0.5344080687830688 0.5643022486772487 0.02628968253968254 0.04751984126984128 0.5413359788359788 0.5588624338624338
1 0.1008101851851852 0.36990740740740735 0.032771164021164007 0.071957671957672 0.10482804232804233 0.3697089947089947
1 0.6299603174603174 0.4097222222222222 0.04728835978835979 0.049933862433862435 0.6207010582010583 0.4166666666666667
1 0.903257275132275 0.3195271164021164 0.022718253968254058 0.027281746031746032 0.8979166666666667 0.3204695767195767
1 0.553125 0.9162698412698413 0.06623677248677247 0.05019841269841261 0.5453042328042328 0.8984788359788359
1 0.6741732804232804 0.45575396825396824 0.032208994708994736 0.05701058201058204 0.6752645502645502 0.44775132275132273
1 0.45649801587301586 0.39943783068783073 0.07337962962962966 0.05548941798941798 0.4470899470899471 0.4080687830687831
1 0.8703042328042329 0.9668650793650794 0.04814814814814812 0.0662698412698413 0.8551587301587301 0.9563492063492064
1 0.17769510582010584 0.9110119047619046 0.04275793650793651 0.0619708994708995 0.18617724867724866 0.9087301587301587
1 0.8816468253968254 0.7264715608465608 0.0452380952380953 0.05644841269841264 0.876984126984127 0.7202380952380952
1 0.3990575396825397 0.4768187830687831 0.014583333333333304 0.008928571428571428 0.3977546296296296 0.4774239417989418
1 0.8604828042328042 0.8537533068783069 0.020767195767195826 0.015773809523809464 0.8525462962962963 0.8490410052910053
1 0.660978835978836 0.3790674603174603 0.023677248677248647 0.0078042328042327745 0.6601851851851852 0.3788359788359788
1 0.01648478835978836 0.09295634920634921 0.015443121693121694 0.022420634920634924 0.015873015873015872 0.09358465608465609
1 0.645651455026455 0.5718915343915344 0.036673280423280455 0.02374338624338623 0.6418650793650794 0.5717592592592593
1 0.6742228835978836 0.033862433862433865 0.03535052910052913 0.02414021164021164 0.6640211640211641 0.04034391534391534
1 0.2572089947089947 0.14730489417989417 0.023412698412698434 0.04229497354497354
1 0.5972056878306878 0.36665013227513227 0.009556878306878337 0.013062169312169311 0.59755291005291 0.36700396825396825
1 0.9898809523809524 0.8525462962962963 0.020238095238095177 0.011970899470899412 0.9880952380952381 0.8515211640211641
1 0.6595072751322751 0.4669543650793651 0.04101851851851851 0.04191798941798942 0.6646825396825397 0.4576719576719577
1 0.34286871693121695 0.2717642195767196 0.018482142857142853 0.07955357142857145 0.34093915343915343 0.27546296296296297
1 0.35021494708994716 0.2646312830687831 0.017466931216931197 0.06329034391534395
1 0.24688492063492062 0.9869576719576719 0.014199735449735431 0.02608465608465612 0.3531746031746032 0.2724867724867725
1 0.9940575396825396 0.9268816137566138 0.011884920634920653 0.018029100529100523 0.9904100529100529 0.9211640211640212
1 0.9911276455026455 0.29842757936507935 0.017744708994708945 0.022536375661375653
1 0.2968915343915344 0.0038045634920634923 0.01080026455026454 0.007609126984126985 0.9840277777777777 0.28931878306878306
1 0.6552579365079365 0.019477513227513225 0.046693121693121634 0.03895502645502645 0.6368716931216931 0.03419312169312169
1 0.8994328703703705 0.00630787037037037 0.010519179894179876 0.01261574074074074 0.8960714285714285 0.007377645502645502
1 0.3695436507936508 0.1841765873015873 0.08763227513227513 0.055522486772486765 0.3551587301587302 0.19212962962962962
1 0.44201388888888893 0.4526785714285715 0.005456349206349206 0.017658730158730113
1 0.16830191798941796 0.004128637566137566 0.011980820105820094 0.008257275132275132 0.44129298941798945 0.4530853174603175
1 0.35951223544973543 0.9527959656084657 0.006259920634920656 0.021650132275132208 0.35833994708994704 0.9521428571428572
1 0.2542989417989418 0.4596230158730159 0.10085978835978836 0.06084656084656084 0.2347883597883598 0.46296296296296297
1 0.3799272486772487 0.5653273809523809 0.18399470899470896 0.07774470899470896 0.3531746031746032 0.5757275132275133
1 0.8813161375661377 0.6527116402116403 0.038822751322751356 0.08730158730158738 0.8720238095238095 0.6491402116402116
1 0.7203224206349207 0.8197337962962963 0.0522784391534392 0.09515542328042328 0.7116402116402116 0.7982804232804233
1 0.26435185185185184 0.30183531746031744 0.058796296296296284 0.08158068783068781 0.26785714285714285 0.3019179894179894
1 0.9665674603174603 0.7775132275132275 0.06686507936507931 0.04887566137566129 0.9367063492063492 0.7556878306878306
1 0.19890873015873015 0.1685681216931217 0.021362433862433833 0.052744708994709 0.2080026455026455 0.17724867724867724
1 0.8618882275132275 0.0714781746031746 0.06636904761904756 0.06656746031746032 0.8343253968253969 0.07506613756613757
1 0.4277943121693122 0.8943617724867725 0.040707671957672005 0.0479828042328042 0.4226190476190476 0.8971560846560847
1 0.9003637566137566 0.9770006613756613 0.06997354497354494 0.04599867724867722 0.8677248677248677 0.957010582010582
1 0.983912037037037 0.7415674603174603 0.03217592592592598 0.03849206349206337 0.9700396825396825 0.7334986772486772
1 0.3280753968253968 0.9222883597883598 0.058597883597883614 0.08498677248677249 0.3222222222222222 0.9062830687830687
1 0.7311855158730158 0.7894857804232803 0.022681878306878355 0.031021825396825378 0.7218584656084657 0.7896494708994709
1 0.40604166666666663 0.4911722883597883 0.2519642857142857 0.12150462962962966 0.3776455026455027 0.5479497354497355
0 0.11590277777777779 0.2678075396825397 0.12946428571428573 0.09712301587301589
0 0.242228835978836 0.7597056878306878 0.08373015873015875 0.030191798941799002
0 0.1298776455026455 0.8366898148148149 0.04427910052910052 0.04480820105820106
0 0.479348544973545 0.6018187830687831 0.04837962962962961 0.056878306878306875
0 0.35712797619047615 0.31105324074074076 0.02488425925925926 0.0597850529100529
0 0.7124785052910052 0.9789103835978837 0.03157738095238103 0.012860449735449694
0 0.18457341269841268 0.7917493386243386 0.05241402116402116 0.06967592592592586
